TIMER START_TIME END_TIME VALUE
0.0014285714285714286 0.0 0.0014285714285714286 3.061224493638563e-06
0.002857142857142857 0.0014285714285714286 0.002857142857142857 8.163265355457052e-06
0.004285714285714286 0.002857142857142857 0.004285714285714286 1.5306122695528652e-05
0.005714285714285714 0.004285714285714286 0.005714285714285714 2.4489796731024805e-05
0.007142857142857143 0.005714285714285714 0.007142857142857143 3.5714287821914635e-05
0.008571428571428572 0.007142857142857143 0.008571428571428572 4.897959650666444e-05
0.01 0.008571428571428572 0.01 6.428572353793724e-05
0.011428571428571429 0.01 0.011428571428571429 8.163266991829236e-05
0.012857142857142857 0.011428571428571429 0.012857142857142857 0.00010102043693588516
0.014285714285714285 0.012857142857142857 0.014285714285714285 0.00012244902620016693
0.015714285714285715 0.014285714285714285 0.015714285714285715 0.0001459184396775849
0.017142857142857144 0.015714285714285715 0.017142857142857144 0.0001714286797272825
0.018571428571428572 0.017142857142857144 0.018571428571428572 0.00019897974913679983
0.02 0.018571428571428572 0.02 0.00022857165115777465
0.02142857142857143 0.02 0.02142857142857143 0.00026020438954164345
0.022857142857142857 0.02142857142857143 0.022857142857142857 0.0002938779685753432
0.024285714285714285 0.022857142857142857 0.024285714285714285 0.0003295923931170133
0.025714285714285714 0.024285714285714285 0.025714285714285714 0.0003673476686316985
0.027142857142857142 0.025714285714285714 0.027142857142857142 0.000407143801227052
0.02857142857142857 0.027142857142857142 0.02857142857142857 0.0004489807976890397
0.03 0.02857142857142857 0.03 0.0004928586655176449
0.03142857142857143 0.03 0.03142857142857143 0.0005387774129625739
0.03285714285714286 0.03142857142857143 0.03285714285714286 0.000586737049058963
0.034285714285714294 0.03285714285714286 0.034285714285714294 0.0006367375836630858
0.035714285714285726 0.034285714285714294 0.035714285714285726 0.0006887790274880624
0.03714285714285716 0.035714285714285726 0.03714285714285716 0.0007428613921395693
0.03857142857142859 0.03714285714285716 0.03857142857142859 0.0007989846901515511
0.04000000000000002 0.03857142857142859 0.04000000000000002 0.0008571489350219333
0.041428571428571453 0.04000000000000002 0.041428571428571453 0.000917354141248337
0.042857142857142885 0.041428571428571453 0.042857142857142885 0.0009796003243637953
0.04428571428571432 0.042857142857142885 0.04428571428571432 0.0010438875009724713
0.04571428571428575 0.04428571428571432 0.04571428571428575 0.0011102156887853778
0.04714285714285718 0.04571428571428575 0.04714285714285718 0.0011785849066561003
0.04857142857142861 0.04714285714285718 0.04857142857142861 0.001248995174616521
0.050000000000000044 0.04857142857142861 0.050000000000000044 0.0013214465139125455
0.051428571428571476 0.050000000000000044 0.051428571428571476 0.0013959389470398324
0.05285714285714291 0.051428571428571476 0.05285714285714291 0.0014724724977795251
0.05428571428571434 0.05285714285714291 0.05428571428571434 0.001551047191233987
0.05571428571428577 0.05428571428571434 0.05571428571428577 0.001631663053862539
0.057142857142857204 0.05571428571428577 0.057142857142857204 0.0017143201135172005
0.058571428571428635 0.057142857142857204 0.058571428571428635 0.0017990183994784342
0.06000000000000007 0.058571428571428635 0.06000000000000007 0.0018857579424908933
0.0614285714285715 0.06000000000000007 0.0614285714285715 0.0019745387747991737
0.06285714285714293 0.0614285714285715 0.06285714285714293 0.0020653609301835687
0.06428571428571436 0.06285714285714293 0.06428571428571436 0.0021582244439958286
0.0657142857142858 0.06428571428571436 0.0657142857142858 0.0022531293531949255
0.06714285714285723 0.0657142857142858 0.06714285714285723 0.002350075696382819
0.06857142857142866 0.06714285714285723 0.06857142857142866 0.0024490635138402312
0.07000000000000009 0.06857142857142866 0.07000000000000009 0.0025500928475624225
0.07142857142857152 0.07000000000000009 0.07142857142857152 0.002653163741294976
0.07285714285714295 0.07142857142857152 0.07285714285714295 0.0027582762405695834
0.07428571428571439 0.07285714285714295 0.07428571428571439 0.0028654303927398398
0.07571428571428582 0.07428571428571439 0.07571428571428582 0.002974626247017042
0.07714285714285725 0.07571428571428582 0.07714285714285725 0.003085863854505993
0.07857142857142868 0.07714285714285725 0.07857142857142868 0.0031991432682408148
0.08000000000000011 0.07857142857142868 0.08000000000000011 0.003314464543220763
0.08142857142857154 0.08000000000000011 0.08142857142857154 0.003431827736446054
0.08285714285714298 0.08142857142857154 0.08285714285714298 0.0035512329069536932
0.08428571428571441 0.08285714285714298 0.08428571428571441 0.0036726801158533146
0.08571428571428584 0.08428571428571441 0.08571428571428584 0.0037961694263630255
0.08714285714285727 0.08571428571428584 0.08714285714285727 0.00392170090384526
0.0885714285714287 0.08714285714285727 0.0885714285714287 0.004049274615842641
0.09000000000000014 0.0885714285714287 0.09000000000000014 0.004178890632113846
0.09142857142857157 0.09000000000000014 0.09142857142857157 0.004310549024669486
0.092857142857143 0.09142857142857157 0.092857142857143 0.004444249867807995
0.09428571428571443 0.092857142857143 0.09428571428571443 0.0045799932381515186
0.09571428571428586 0.09428571428571443 0.09571428571428586 0.0047177792146818245
0.0971428571428573 0.09571428571428586 0.0971428571428573 0.004857607878776213
0.09857142857142873 0.0971428571428573 0.09857142857142873 0.004999479314243441
0.10000000000000016 0.09857142857142873 0.10000000000000016 0.005143393607359658
0.10142857142857159 0.10000000000000016 0.10142857142857159 0.005289350846904346
0.10285714285714302 0.10142857142857159 0.10285714285714302 0.00543735112419628
0.10428571428571445 0.10285714285714302 0.10428571428571445 0.00558739453312949
0.10571428571428589 0.10428571428571445 0.10571428571428589 0.005739481170209239
0.10714285714285732 0.10571428571428589 0.10714285714285732 0.005893611134588015
0.10857142857142875 0.10714285714285732 0.10857142857142875 0.0060497845281015285
0.11000000000000018 0.10857142857142875 0.11000000000000018 0.0062080014553047265
0.11142857142857161 0.11000000000000018 0.11142857142857161 0.006368262023507821
0.11285714285714304 0.11142857142857161 0.11285714285714304 0.006530566342812325
0.11428571428571448 0.11285714285714304 0.11428571428571448 0.006694914526147107
0.11571428571428591 0.11428571428571448 0.11571428571428591 0.0068613066893044574
0.11714285714285734 0.11571428571428591 0.11714285714285734 0.007029742950976166
0.11857142857142877 0.11714285714285734 0.11857142857142877 0.007200223432789619
0.1200000000000002 0.11857142857142877 0.1200000000000002 0.007372748259343906
0.12142857142857164 0.1200000000000002 0.12142857142857164 0.007547317558245947
0.12285714285714307 0.12142857142857164 0.12285714285714307 0.007723931460146632
0.1242857142857145 0.12285714285714307 0.1242857142857145 0.007902590098776974
0.12571428571428592 0.1242857142857145 0.12571428571428592 0.008083293610984282
0.12714285714285734 0.12571428571428592 0.12714285714285734 0.008266042136768353
0.12857142857142875 0.12714285714285734 0.12857142857142875 0.008450835819317671
0.13000000000000017 0.12857142857142875 0.13000000000000017 0.008637674805045636
0.1314285714285716 0.13000000000000017 0.1314285714285716 0.008826559243626802
0.132857142857143 0.1314285714285716 0.132857142857143 0.009017489288033136
0.13428571428571442 0.132857142857143 0.13428571428571442 0.009210465094570294
0.13571428571428584 0.13428571428571442 0.13571428571428584 0.009405486822913922
0.13714285714285726 0.13571428571428584 0.13714285714285726 0.009602554636145967
0.13857142857142868 0.13714285714285726 0.13857142857142868 0.009801668700791015
0.1400000000000001 0.13857142857142868 0.1400000000000001 0.010002829186852647
0.14142857142857151 0.1400000000000001 0.14142857142857151 0.010206036267849815
0.14285714285714293 0.14142857142857151 0.14285714285714293 0.01041129012085324
0.14428571428571435 0.14285714285714293 0.14428571428571435 0.010618590926521834
0.14571428571428577 0.14428571428571435 0.14571428571428577 0.010827938869139133
0.1471428571428572 0.14571428571428577 0.1471428571428572 0.011039334136649771
0.1485714285714286 0.1471428571428572 0.1485714285714286 0.011252776920695961
0.15000000000000002 0.1485714285714286 0.15000000000000002 0.011468267416654005
0.15142857142857144 0.15000000000000002 0.15142857142857144 0.01168580582367083
0.15285714285714286 0.15142857142857144 0.15285714285714286 0.011905392344700545
0.15428571428571428 0.15285714285714286 0.15428571428571428 0.012127027186541023
0.1557142857142857 0.15428571428571428 0.1557142857142857 0.012350710559870508
0.1571428571428571 0.1557142857142857 0.1571428571428571 0.012576442679284254
0.15857142857142853 0.1571428571428571 0.15857142857142853 0.012804223763331178
0.15999999999999995 0.15857142857142853 0.15999999999999995 0.013034054034550551
0.16142857142857137 0.15999999999999995 0.16142857142857137 0.013265933719508712
0.16285714285714278 0.16142857142857137 0.16285714285714278 0.013499863048835804
0.1642857142857142 0.16285714285714278 0.1642857142857142 0.01373584225726255
0.16571428571428562 0.1642857142857142 0.16571428571428562 0.013973871583657047
0.16714285714285704 0.16571428571428562 0.16714285714285704 0.014213951271061596
0.16857142857142846 0.16714285714285704 0.16857142857142846 0.014456081566729556
0.16999999999999987 0.16857142857142846 0.16999999999999987 0.014700262722162237
0.1714285714285713 0.16999999999999987 0.1714285714285713 0.014946494993145808
0.1728571428571427 0.1714285714285713 0.1728571428571427 0.015194778639788256
0.17428571428571413 0.1728571428571427 0.17428571428571413 0.015445113926556365
0.17571428571428555 0.17428571428571413 0.17571428571428555 0.01569750112231272
0.17714285714285696 0.17571428571428555 0.17714285714285696 0.015951940500352774
0.17857142857142838 0.17714285714285696 0.17857142857142838 0.016208432338441905
0.1799999999999998 0.17857142857142838 0.1799999999999998 0.016466976918852537
0.18142857142857122 0.1799999999999998 0.18142857142857122 0.0167275745284013
0.18285714285714263 0.18142857142857122 0.18285714285714263 0.0169902254584862
0.18428571428571405 0.18285714285714263 0.18428571428571405 0.017254930005123844
0.18571428571428547 0.18428571428571405 0.18571428571428547 0.017521688468986687
0.1871428571428569 0.18571428571428547 0.1871428571428569 0.01779050115544034
0.1885714285714283 0.1871428571428569 0.1885714285714283 0.018061368374580892
0.18999999999999972 0.1885714285714283 0.18999999999999972 0.018334290441272265
0.19142857142857114 0.18999999999999972 0.19142857142857114 0.018609267675183644
0.19285714285714256 0.19142857142857114 0.19285714285714256 0.018886300400826905
0.19428571428571398 0.19285714285714256 0.19428571428571398 0.019165388947594106
0.1957142857142854 0.19428571428571398 0.1957142857142854 0.019446533649795015
0.19714285714285681 0.1957142857142854 0.19714285714285681 0.01972973484669467
0.19857142857142823 0.19714285714285681 0.19857142857142823 0.020014992882551003
0.19999999999999965 0.19857142857142823 0.19999999999999965 0.020302308106652466
0.20142857142857107 0.19999999999999965 0.20142857142857107 0.02059168087335575
0.2028571428571425 0.20142857142857107 0.2028571428571425 0.02088311154212351
0.2042857142857139 0.2028571428571425 0.2042857142857139 0.02117660047756214
0.20571428571428532 0.2042857142857139 0.20571428571428532 0.021472148049459617
0.20714285714285674 0.20571428571428532 0.20714285714285674 0.02176975463282336
0.20857142857142816 0.20714285714285674 0.20857142857142816 0.02206942060791815
0.20999999999999958 0.20857142857142816 0.20999999999999958 0.022371146360304097
0.211428571428571 0.20999999999999958 0.211428571428571 0.022674932280874655
0.2128571428571424 0.211428571428571 0.2128571428571424 0.022980778765894674
0.21428571428571383 0.2128571428571424 0.21428571428571383 0.02328868621703852
0.21571428571428525 0.21428571428571383 0.21571428571428525 0.02359865504142822
0.21714285714285667 0.21571428571428525 0.21714285714285667 0.023910685651671697
0.21857142857142808 0.21714285714285667 0.21857142857142808 0.02422477846590099
0.2199999999999995 0.21857142857142808 0.2199999999999995 0.024540933907810605
0.22142857142857092 0.2199999999999995 0.22142857142857092 0.024859152406695856
0.22285714285714234 0.22142857142857092 0.22285714285714234 0.02517943439749129
0.22428571428571376 0.22285714285714234 0.22428571428571376 0.025501780320809155
0.22571428571428517 0.22428571428571376 0.22571428571428517 0.02582619062297792
0.2271428571428566 0.22571428571428517 0.2271428571428566 0.026152665756080874
0.228571428571428 0.2271428571428566 0.228571428571428 0.026481206177994737
0.22999999999999943 0.228571428571428 0.22999999999999943 0.026811812352428372
0.23142857142857085 0.22999999999999943 0.23142857142857085 0.027144484748961525
0.23285714285714226 0.23142857142857085 0.23285714285714226 0.027479223843083635
0.23428571428571368 0.23285714285714226 0.23428571428571368 0.027816030116232706
0.2357142857142851 0.23428571428571368 0.2357142857142851 0.028154904055834228
0.23714285714285652 0.2357142857142851 0.23714285714285652 0.028495846155340163
0.23857142857142793 0.23714285714285652 0.23857142857142793 0.028838856914268
0.23999999999999935 0.23857142857142793 0.23999999999999935 0.029183936838239867
0.24142857142857077 0.23999999999999935 0.24142857142857077 0.029531086439021685
0.2428571428571422 0.24142857142857077 0.2428571428571422 0.02988030623456243
0.2442857142857136 0.2428571428571422 0.2442857142857136 0.030231596749033418
0.24571428571428502 0.2442857142857136 0.24571428571428502 0.03058495851286767
0.24714285714285644 0.24571428571428502 0.24714285714285644 0.030940392062799357
0.24857142857142786 0.24714285714285644 0.24857142857142786 0.03129789794190328
0.24999999999999928 0.24857142857142786 0.24999999999999928 0.03165747669963446
0.2514285714285707 0.24999999999999928 0.2514285714285707 0.03201912889186773
0.25285714285714217 0.2514285714285707 0.25285714285714217 0.03238285508093751
0.2542857142857136 0.25285714285714217 0.2542857142857136 0.03274865583567749
0.25571428571428506 0.2542857142857136 0.25571428571428506 0.03311653173146055
0.2571428571428565 0.25571428571428506 0.2571428571428565 0.03348648335023864
0.25857142857142795 0.2571428571428565 0.25857142857142795 0.03385851128058278
0.2599999999999994 0.25857142857142795 0.2599999999999994 0.0342326161177231
0.26142857142857084 0.2599999999999994 0.26142857142857084 0.03460879846358902
0.2628571428571423 0.26142857142857084 0.2628571428571423 0.034987058926849404
0.26428571428571374 0.2628571428571423 0.26428571428571374 0.0353673981229529
0.2657142857142852 0.26428571428571374 0.2657142857142852 0.035749816674168274
0.2671428571428566 0.2657142857142852 0.2671428571428566 0.03613431520962486
0.2685714285714281 0.2671428571428566 0.2685714285714281 0.03652089436535308
0.2699999999999995 0.2685714285714281 0.2699999999999995 0.03690955478432505
0.27142857142857096 0.2699999999999995 0.27142857142857096 0.03730029711649524
0.2728571428571424 0.27142857142857096 0.2728571428571424 0.037693122018841264
0.27428571428571386 0.2728571428571424 0.27428571428571386 0.0380880301554047
0.2757142857142853 0.27428571428571386 0.2757142857142853 0.03848502219733203
0.27714285714285675 0.2757142857142853 0.27714285714285675 0.03888409882291566
0.2785714285714282 0.27714285714285675 0.2785714285714282 0.03928526071763498
0.27999999999999964 0.2785714285714282 0.27999999999999964 0.039688508574197603
0.2814285714285711 0.27999999999999964 0.2814285714285711 0.04009384309258058
0.28285714285714253 0.2814285714285711 0.28285714285714253 0.04050126498007178
0.284285714285714 0.28285714285714253 0.284285714285714 0.04091077495131136
0.2857142857142854 0.284285714285714 0.2857142857142854 0.04132237372833324
0.28714285714285687 0.2857142857142854 0.28714285714285687 0.04173606204060681
0.2885714285714283 0.28714285714285687 0.2885714285714283 0.04215184062507856
0.28999999999999976 0.2885714285714283 0.28999999999999976 0.04256971022621398
0.2914285714285712 0.28999999999999976 0.2914285714285712 0.0429896715960394
0.29285714285714265 0.2914285714285712 0.29285714285714265 0.04341172549418401
0.2942857142857141 0.29285714285714265 0.2942857142857141 0.043835872687921974
0.29571428571428554 0.2942857142857141 0.29571428571428554 0.044262113952214584
0.297142857142857 0.29571428571428554 0.297142857142857 0.04469045006975259
0.29857142857142843 0.297142857142857 0.29857142857142843 0.04512088183099858
0.2999999999999999 0.29857142857142843 0.2999999999999999 0.04555341003422943
0.3014285714285713 0.2999999999999999 0.3014285714285713 0.04598803548557895
0.30285714285714277 0.3014285714285713 0.30285714285714277 0.046424758999080544
0.3042857142857142 0.30285714285714277 0.3042857142857142 0.04686358139671002
0.30571428571428566 0.3042857142857142 0.30571428571428566 0.04730450350842847
0.3071428571428571 0.30571428571428566 0.3071428571428571 0.047747526172225295
0.30857142857142855 0.3071428571428571 0.30857142857142855 0.0481926502341613
0.31 0.30857142857142855 0.31 0.04863987654841191
0.31142857142857144 0.31 0.31142857142857144 0.049089205977310535
0.3128571428571429 0.31142857142857144 0.3128571428571429 0.04954063939139194
0.31428571428571433 0.3128571428571429 0.31428571428571433 0.04999417766943584
0.3157142857142858 0.31428571428571433 0.3157142857142858 0.05044982169851056
0.3171428571428572 0.3157142857142858 0.3171428571428572 0.050907572374016774
0.31857142857142867 0.3171428571428572 0.31857142857142867 0.05136743059973141
0.3200000000000001 0.31857142857142867 0.3200000000000001 0.051829397287851645
0.32142857142857156 0.3200000000000001 0.32142857142857156 0.05229347335903903
0.322857142857143 0.32142857142857156 0.322857142857143 0.05275965974246371
0.32428571428571445 0.322857142857143 0.32428571428571445 0.05322795737584879
0.3257142857142859 0.32428571428571445 0.3257142857142859 0.0536983672055148
0.32714285714285735 0.3257142857142859 0.32714285714285735 0.054170890186424306
0.3285714285714288 0.32714285714285735 0.3285714285714288 0.054645527282226575
0.33000000000000024 0.3285714285714288 0.33000000000000024 0.055122279465302466
0.3314285714285717 0.33000000000000024 0.3314285714285717 0.05560114771680938
0.33285714285714313 0.3314285714285717 0.33285714285714313 0.056082133026726336
0.3342857142857146 0.33285714285714313 0.3342857142857146 0.05656523639389919
0.335714285714286 0.3342857142857146 0.335714285714286 0.05705045882608599
0.33714285714285747 0.335714285714286 0.33714285714285747 0.057537801340002435
0.3385714285714289 0.33714285714285747 0.3385714285714289 0.058027264961367495
0.34000000000000036 0.3385714285714289 0.34000000000000036 0.05851885072494913
0.3414285714285718 0.34000000000000036 0.3414285714285718 0.05901255967461017
0.34285714285714325 0.3414285714285718 0.34285714285714325 0.05950839286335431
0.3442857142857147 0.34285714285714325 0.3442857142857147 0.06000635135337225
0.34571428571428614 0.3442857142857147 0.34571428571428614 0.06050643621608798
0.3471428571428576 0.34571428571428614 0.3471428571428576 0.06100864853220518
0.34857142857142903 0.3471428571428576 0.34857142857142903 0.06151298939175379
0.3500000000000005 0.34857142857142903 0.3500000000000005 0.062019459894136694
0.3514285714285719 0.3500000000000005 0.3514285714285719 0.06252806114817655
0.35285714285714337 0.3514285714285719 0.35285714285714337 0.06303879427216277
0.3542857142857148 0.35285714285714337 0.3542857142857148 0.06355166039389867
0.35571428571428626 0.3542857142857148 0.35571428571428626 0.06406666065074872
0.3571428571428577 0.35571428571428626 0.3571428571428577 0.06458379618968593
0.35857142857142915 0.3571428571428577 0.35857142857142915 0.06510306816733949
0.3600000000000006 0.35857142857142915 0.3600000000000006 0.06562447775004243
0.36142857142857204 0.3600000000000006 0.36142857142857204 0.06614802611387953
0.3628571428571435 0.36142857142857204 0.3628571428571435 0.06667371444473527
0.36428571428571493 0.3628571428571435 0.36428571428571493 0.0672015439383421
0.3657142857142864 0.36428571428571493 0.3657142857142864 0.0677315158003287
0.3671428571428578 0.3657142857142864 0.3671428571428578 0.0682636312462685
0.36857142857142927 0.3671428571428578 0.36857142857142927 0.06879789150172831
0.3700000000000007 0.36857142857142927 0.3700000000000007 0.06933429780231716
0.37142857142857216 0.3700000000000007 0.37142857142857216 0.06987285139373524
0.3728571428571436 0.37142857142857216 0.3728571428571436 0.07041355353182303
0.37428571428571505 0.3728571428571436 0.37428571428571505 0.07095640548261062
0.3757142857142865 0.37428571428571505 0.3757142857142865 0.07150140852236714
0.37714285714285795 0.3757142857142865 0.37714285714285795 0.07204856393765041
0.3785714285714294 0.37714285714285795 0.3785714285714294 0.07259787302535674
0.38000000000000084 0.3785714285714294 0.38000000000000084 0.07314933709277088
0.3814285714285723 0.38000000000000084 0.3814285714285723 0.0737029574576162
0.38285714285714373 0.3814285714285723 0.38285714285714373 0.07425873544810492
0.3842857142857152 0.38285714285714373 0.3842857142857152 0.07481667240298873
0.3857142857142866 0.3842857142857152 0.3857142857142866 0.0753767696716093
0.38714285714285807 0.3857142857142866 0.38714285714285807 0.07593902861394926
0.3885714285714295 0.38714285714285807 0.3885714285714295 0.07650345060068311
0.39000000000000096 0.3885714285714295 0.39000000000000096 0.07707003701322852
0.3914285714285724 0.39000000000000096 0.3914285714285724 0.07763878924379765
0.39285714285714385 0.3914285714285724 0.39285714285714385 0.07820970869544873
0.3942857142857153 0.39285714285714385 0.3942857142857153 0.07878279678213784
0.39571428571428674 0.3942857142857153 0.39571428571428674 0.07935805492877084
0.3971428571428582 0.39571428571428674 0.3971428571428582 0.07993548457125547
0.39857142857142963 0.3971428571428582 0.39857142857142963 0.08051508715655377
0.4000000000000011 0.39857142857142963 0.4000000000000011 0.08109686414273445
0.4014285714285725 0.4000000000000011 0.4014285714285725 0.08168081699902574
0.40285714285714397 0.4014285714285725 0.40285714285714397 0.08226694720586819
0.4042857142857154 0.40285714285714397 0.4042857142857154 0.08285525625496784
0.40571428571428686 0.4042857142857154 0.40571428571428686 0.08344574564934948
0.4071428571428583 0.40571428571428686 0.4071428571428583 0.08403841690341016
0.40857142857142975 0.4071428571428583 0.40857142857142975 0.08463327154297293
0.4100000000000012 0.40857142857142975 0.4100000000000012 0.08523031110534068
0.41142857142857264 0.4100000000000012 0.41142857142857264 0.08582953713935035
0.4128571428571441 0.41142857142857264 0.4128571428571441 0.08643095120542714
0.41428571428571553 0.4128571428571441 0.41428571428571553 0.08703455487563913
0.415714285714287 0.41428571428571553 0.415714285714287 0.08764034973375197
0.4171428571428584 0.415714285714287 0.4171428571428584 0.08824833737528387
0.41857142857142987 0.4171428571428584 0.41857142857142987 0.08885851940756075
0.4200000000000013 0.41857142857142987 0.4200000000000013 0.08947089744977162
0.42142857142857276 0.4200000000000013 0.42142857142857276 0.09008547313302422
0.4228571428571442 0.42142857142857276 0.4228571428571442 0.0907022481004008
0.42428571428571565 0.4228571428571442 0.42428571428571565 0.0913212240070142
0.4257142857142871 0.42428571428571565 0.4257142857142871 0.09194240252006411
0.42714285714285855 0.4257142857142871 0.42714285714285855 0.09256578531889356
0.42857142857143 0.42714285714285855 0.42857142857143 0.09319137409504567
0.43000000000000144 0.42857142857143 0.43000000000000144 0.09381917055232059
0.4314285714285729 0.43000000000000144 0.4314285714285729 0.09444917640683263
0.43285714285714433 0.4314285714285729 0.43285714285714433 0.0950813933870678
0.4342857142857158 0.43285714285714433 0.4342857142857158 0.09571582323394134
0.4357142857142872 0.4342857142857158 0.4357142857142872 0.0963524677008557
0.43714285714285867 0.4357142857142872 0.43714285714285867 0.09699132855375862
0.4385714285714301 0.43714285714285867 0.4385714285714301 0.09763240757120153
0.44000000000000156 0.4385714285714301 0.44000000000000156 0.09827570654439816
0.441428571428573 0.44000000000000156 0.441428571428573 0.09892122727728335
0.44285714285714445 0.441428571428573 0.44285714285714445 0.09956897158657226
0.4442857142857159 0.44285714285714445 0.4442857142857159 0.10021894130181963
0.44571428571428734 0.4442857142857159 0.44571428571428734 0.10087113826547944
0.4471428571428588 0.44571428571428734 0.4471428571428588 0.10152556433296477
0.44857142857143023 0.4471428571428588 0.44857142857143023 0.10218222137270787
0.4500000000000017 0.44857142857143023 0.4500000000000017 0.10284111126622059
0.4514285714285731 0.4500000000000017 0.4514285714285731 0.10350223590815498
0.45285714285714457 0.4514285714285731 0.45285714285714457 0.1041655972063642
0.454285714285716 0.45285714285714457 0.454285714285716 0.10483119708196369
0.45571428571428746 0.454285714285716 0.45571428571428746 0.10549903746939256
0.4571428571428589 0.45571428571428746 0.4571428571428589 0.1061691203164753
0.45857142857143035 0.4571428571428589 0.45857142857143035 0.10684144758448376
0.4600000000000018 0.45857142857143035 0.4600000000000018 0.10751602124819937
0.46142857142857324 0.4600000000000018 0.46142857142857324 0.10819284329597564
0.4628571428571447 0.46142857142857324 0.4628571428571447 0.10887191572980097
0.46428571428571613 0.4628571428571447 0.46428571428571613 0.10955324056536171
0.4657142857142876 0.46428571428571613 0.4657142857142876 0.1102368198321055
0.467142857142859 0.4657142857142876 0.467142857142859 0.11092265557330487
0.46857142857143047 0.467142857142859 0.46857142857143047 0.11161074984612125
0.4700000000000019 0.46857142857143047 0.4700000000000019 0.1123011047216691
0.47142857142857336 0.4700000000000019 0.47142857142857336 0.1129937222850804
0.4728571428571448 0.47142857142857336 0.4728571428571448 0.11368860463556947
0.47428571428571625 0.4728571428571448 0.47428571428571625 0.11438575388649806
0.4757142857142877 0.47428571428571625 0.4757142857142877 0.11508517216544072
0.47714285714285914 0.4757142857142877 0.47714285714285914 0.11578686161425046
0.4785714285714306 0.47714285714285914 0.4785714285714306 0.11649082438912478
0.48000000000000204 0.4785714285714306 0.48000000000000204 0.11719706266067191
0.4814285714285735 0.48000000000000204 0.4814285714285735 0.11790557861397744
0.4828571428571449 0.4814285714285735 0.4828571428571449 0.1186163744486712
0.4842857142857164 0.4828571428571449 0.4842857142857164 0.1193294523789945
0.4857142857142878 0.4842857142857164 0.4857142857142878 0.12004481463386768
0.48714285714285926 0.4857142857142878 0.48714285714285926 0.1207624634569579
0.4885714285714307 0.48714285714285926 0.4885714285714307 0.12148240110674735
0.49000000000000216 0.4885714285714307 0.49000000000000216 0.12220462985660173
0.4914285714285736 0.49000000000000216 0.4914285714285736 0.12292915199483907
0.49285714285714505 0.4914285714285736 0.49285714285714505 0.12365596982479889
0.4942857142857165 0.49285714285714505 0.4942857142857165 0.12438508566491162
0.49571428571428794 0.4942857142857165 0.49571428571428794 0.12511650184876846
0.4971428571428594 0.49571428571428794 0.4971428571428594 0.12585022072519153
0.49857142857143083 0.4971428571428594 0.49857142857143083 0.1265862446583043
0.5000000000000022 0.49857142857143083 0.5000000000000022 0.12732457602760236
0.5014285714285737 0.5000000000000022 0.5014285714285737 0.12806521722802475
0.5028571428571451 0.5014285714285737 0.5028571428571451 0.1288081706700253
0.5042857142857166 0.5028571428571451 0.5042857142857166 0.12955343877964462
0.505714285714288 0.5042857142857166 0.505714285714288 0.13030102399858218
0.5071428571428594 0.505714285714288 0.5071428571428594 0.13105092878426894
0.5085714285714309 0.5071428571428594 0.5085714285714309 0.13180315560994027
0.5100000000000023 0.5085714285714309 0.5100000000000023 0.13255770696470923
0.5114285714285738 0.5100000000000023 0.5114285714285738 0.13331458535364019
0.5128571428571452 0.5114285714285738 0.5128571428571452 0.13407379329782285
0.5142857142857167 0.5128571428571452 0.5142857142857167 0.13483533333444658
0.5157142857142881 0.5142857142857167 0.5157142857142881 0.13559920801687525
0.5171428571428596 0.5157142857142881 0.5171428571428596 0.13636541991472226
0.518571428571431 0.5171428571428596 0.518571428571431 0.13713397161392607
0.5200000000000025 0.518571428571431 0.5200000000000025 0.13790486571682606
0.5214285714285739 0.5200000000000025 0.5214285714285739 0.13867810484223883
0.5228571428571454 0.5214285714285739 0.5228571428571454 0.1394536916255348
0.5242857142857168 0.5228571428571454 0.5242857142857168 0.1402316287187153
0.5257142857142882 0.5242857142857168 0.5257142857142882 0.1410119187904899
0.5271428571428597 0.5257142857142882 0.5271428571428597 0.14179456452635433
0.5285714285714311 0.5271428571428597 0.5285714285714311 0.14257956862866863
0.5300000000000026 0.5285714285714311 0.5300000000000026 0.14336693381673582
0.531428571428574 0.5300000000000026 0.531428571428574 0.1441566628268809
0.5328571428571455 0.531428571428574 0.5328571428571455 0.14494875841253024
0.5342857142857169 0.5328571428571455 0.5342857142857169 0.14574322334429152
0.5357142857142884 0.5342857142857169 0.5357142857142884 0.1465400604100339
0.5371428571428598 0.5357142857142884 0.5371428571428598 0.14733927241496872
0.5385714285714313 0.5371428571428598 0.5385714285714313 0.14814086218173061
0.5400000000000027 0.5385714285714313 0.5400000000000027 0.14894483255045898
0.5414285714285741 0.5400000000000027 0.5414285714285741 0.14975118637888
0.5428571428571456 0.5414285714285741 0.5428571428571456 0.1505599265423889
0.544285714285717 0.5428571428571456 0.544285714285717 0.1513710559341329
0.5457142857142885 0.544285714285717 0.5457142857142885 0.1521845774650943
0.5471428571428599 0.5457142857142885 0.5471428571428599 0.15300049406417435
0.5485714285714314 0.5471428571428599 0.5485714285714314 0.15381880867827716
0.5500000000000028 0.5485714285714314 0.5500000000000028 0.1546395242723945
0.5514285714285743 0.5500000000000028 0.5514285714285743 0.15546264382969066
0.5528571428571457 0.5514285714285743 0.5528571428571457 0.156288170351588
0.5542857142857172 0.5528571428571457 0.5542857142857172 0.15711610685785293
0.5557142857142886 0.5542857142857172 0.5557142857142886 0.1579464563866822
0.55714285714286 0.5557142857142886 0.55714285714286 0.15877922199478983
0.5585714285714315 0.55714285714286 0.5585714285714315 0.15961440675749444
0.5600000000000029 0.5585714285714315 0.5600000000000029 0.1604520137688071
0.5614285714285744 0.5600000000000029 0.5614285714285744 0.16129204614151954
0.5628571428571458 0.5614285714285744 0.5628571428571458 0.16213450700729293
0.5642857142857173 0.5628571428571458 0.5642857142857173 0.16297939951674714
0.5657142857142887 0.5642857142857173 0.5657142857142887 0.1638267268395505
0.5671428571428602 0.5657142857142887 0.5671428571428602 0.16467649216450989
0.5685714285714316 0.5671428571428602 0.5685714285714316 0.16552869869966166
0.5700000000000031 0.5685714285714316 0.5700000000000031 0.1663833496723627
0.5714285714285745 0.5700000000000031 0.5714285714285745 0.1672404483293822
0.572857142857146 0.5714285714285745 0.572857142857146 0.16809999793699384
0.5742857142857174 0.572857142857146 0.5742857142857174 0.16896200178106863
0.5757142857142888 0.5742857142857174 0.5757142857142888 0.169826463167168
0.5771428571428603 0.5757142857142888 0.5771428571428603 0.17069338542063772
0.5785714285714317 0.5771428571428603 0.5785714285714317 0.17156277188670208
0.5800000000000032 0.5785714285714317 0.5800000000000032 0.17243462593055875
0.5814285714285746 0.5800000000000032 0.5814285714285746 0.17330895093747417
0.5828571428571461 0.5814285714285746 0.5828571428571461 0.1741857503128793
0.5842857142857175 0.5828571428571461 0.5842857142857175 0.1750650274824662
0.585714285714289 0.5842857142857175 0.585714285714289 0.17594678589228482
0.5871428571428604 0.585714285714289 0.5871428571428604 0.17683102900884068
0.5885714285714319 0.5871428571428604 0.5885714285714319 0.1777177603191928
0.5900000000000033 0.5885714285714319 0.5900000000000033 0.1786069833310524
0.5914285714285747 0.5900000000000033 0.5914285714285747 0.179498701572882
0.5928571428571462 0.5914285714285747 0.5928571428571462 0.1803929185939952
0.5942857142857176 0.5928571428571462 0.5942857142857176 0.18128963796465702
0.5957142857142891 0.5942857142857176 0.5957142857142891 0.18218886327618472
0.5971428571428605 0.5957142857142891 0.5971428571428605 0.18309059814104928
0.598571428571432 0.5971428571428605 0.598571428571432 0.18399484619297743
0.6000000000000034 0.598571428571432 0.6000000000000034 0.18490161108705433
0.6014285714285749 0.6000000000000034 0.6014285714285749 0.1858108964998267
0.6028571428571463 0.6014285714285749 0.6028571428571463 0.18672270612940675
0.6042857142857178 0.6028571428571463 0.6042857142857178 0.18763704369557643
0.6057142857142892 0.6042857142857178 0.6057142857142892 0.1885539129398926
0.6071428571428606 0.6057142857142892 0.6071428571428606 0.18947331762579256
0.6085714285714321 0.6071428571428606 0.6085714285714321 0.1903952615387004
0.6100000000000035 0.6085714285714321 0.6100000000000035 0.19131974848613373
0.611428571428575 0.6100000000000035 0.611428571428575 0.19224678229781128
0.6128571428571464 0.611428571428575 0.6128571428571464 0.19317636682576092
0.6142857142857179 0.6128571428571464 0.6142857142857179 0.19410850594442847
0.6157142857142893 0.6142857142857179 0.6157142857142893 0.19504320355078708
0.6171428571428608 0.6157142857142893 0.6171428571428608 0.19598046356444723
0.6185714285714322 0.6171428571428608 0.6185714285714322 0.19692028992776747
0.6200000000000037 0.6185714285714322 0.6200000000000037 0.19786268660596568
0.6214285714285751 0.6200000000000037 0.6214285714285751 0.1988076575872311
0.6228571428571466 0.6214285714285751 0.6228571428571466 0.199755206882837
0.624285714285718 0.6228571428571466 0.624285714285718 0.20070533852725397
0.6257142857142894 0.624285714285718 0.6257142857142894 0.20165805657826397
0.6271428571428609 0.6257142857142894 0.6271428571428609 0.20261336511707495
0.6285714285714323 0.6271428571428609 0.6285714285714323 0.20357126824843627
0.6300000000000038 0.6285714285714323 0.6300000000000038 0.2045317701007547
0.6314285714285752 0.6300000000000038 0.6314285714285752 0.20549487482621126
0.6328571428571467 0.6314285714285752 0.6328571428571467 0.20646058660087857
0.6342857142857181 0.6328571428571467 0.6342857142857181 0.20742890962483906
0.6357142857142896 0.6342857142857181 0.6357142857142896 0.20839984812230383
0.637142857142861 0.6357142857142896 0.637142857142861 0.20937340634173227
0.6385714285714325 0.637142857142861 0.6385714285714325 0.21034958855595234
0.6400000000000039 0.6385714285714325 0.6400000000000039 0.21132839906228165
0.6414285714285753 0.6400000000000039 0.6414285714285753 0.21230984218264917
0.6428571428571468 0.6414285714285753 0.6428571428571468 0.2132939222637178
0.6442857142857182 0.6428571428571468 0.6442857142857182 0.2142806436770076
0.6457142857142897 0.6442857142857182 0.6457142857142897 0.21527001081901995
0.6471428571428611 0.6457142857142897 0.6471428571428611 0.21626202811136205
0.6485714285714326 0.6471428571428611 0.6485714285714326 0.21725670000087272
0.650000000000004 0.6485714285714326 0.650000000000004 0.21825403095974857
0.6514285714285755 0.650000000000004 0.6514285714285755 0.21925402548567113
0.6528571428571469 0.6514285714285755 0.6528571428571469 0.22025668810193472
0.6542857142857184 0.6528571428571469 0.6542857142857184 0.22126202335757508
0.6557142857142898 0.6542857142857184 0.6557142857142898 0.22227003582749888
0.6571428571428612 0.6557142857142898 0.6571428571428612 0.22328073011261393
0.6585714285714327 0.6571428571428612 0.6585714285714327 0.2242941108399602
0.6600000000000041 0.6585714285714327 0.6600000000000041 0.22531018266284183
0.6614285714285756 0.6600000000000041 0.6614285714285756 0.22632895026095967
0.662857142857147 0.6614285714285756 0.662857142857147 0.22735041834054487
0.6642857142857185 0.662857142857147 0.6642857142857185 0.22837459163449328
0.6657142857142899 0.6642857142857185 0.6657142857142899 0.2294014749025006
0.6671428571428614 0.6657142857142899 0.6671428571428614 0.23043107293119838
0.6685714285714328 0.6671428571428614 0.6685714285714328 0.23146339053429102
0.6700000000000043 0.6685714285714328 0.6700000000000043 0.2324984325526934
0.6714285714285757 0.6700000000000043 0.6714285714285757 0.2335362038546696
0.6728571428571472 0.6714285714285757 0.6728571428571472 0.2345767093359724
0.6742857142857186 0.6728571428571472 0.6742857142857186 0.23561995391998355
0.67571428571429 0.6742857142857186 0.67571428571429 0.2366659425578551
0.6771428571428615 0.67571428571429 0.6771428571428615 0.23771468022865166
0.6785714285714329 0.6771428571428615 0.6785714285714329 0.23876617193949326
0.6800000000000044 0.6785714285714329 0.6800000000000044 0.23982042272569945
0.6814285714285758 0.6800000000000044 0.6814285714285758 0.24087743765093417
0.6828571428571473 0.6814285714285758 0.6828571428571473 0.24193722180735153
0.6842857142857187 0.6828571428571473 0.6842857142857187 0.24299978031574257
0.6857142857142902 0.6842857142857187 0.6857142857142902 0.24406511832568295
0.6871428571428616 0.6857142857142902 0.6871428571428616 0.24513324101568157
0.688571428571433 0.6871428571428616 0.688571428571433 0.2462041535933301
0.6900000000000045 0.688571428571433 0.6900000000000045 0.24727786129545357
0.6914285714285759 0.6900000000000045 0.6914285714285759 0.24835436938826186
0.6928571428571474 0.6914285714285759 0.6928571428571474 0.24943368316750222
0.6942857142857188 0.6928571428571474 0.6942857142857188 0.25051580795861267
0.6957142857142903 0.6942857142857188 0.6957142857142903 0.2516007491168765
0.6971428571428617 0.6957142857142903 0.6971428571428617 0.25268851202757775
0.6985714285714332 0.6971428571428617 0.6985714285714332 0.2537791021061576
0.7000000000000046 0.6985714285714332 0.7000000000000046 0.254872524798372
0.7014285714285761 0.7000000000000046 0.7014285714285761 0.25596878558045005
0.7028571428571475 0.7014285714285761 0.7028571428571475 0.2570678899592535
0.704285714285719 0.7028571428571475 0.704285714285719 0.25816984347243754
0.7057142857142904 0.704285714285719 0.7057142857142904 0.2592746516886122
0.7071428571428618 0.7057142857142904 0.7071428571428618 0.26038232020750524
0.7085714285714333 0.7071428571428618 0.7085714285714333 0.2614928546601258
0.7100000000000047 0.7085714285714333 0.7100000000000047 0.2626062607089291
0.7114285714285762 0.7100000000000047 0.7114285714285762 0.2637225440479828
0.7128571428571476 0.7114285714285762 0.7128571428571476 0.26484171040313337
0.7142857142857191 0.7128571428571476 0.7142857142857191 0.26596376553217477
0.7157142857142905 0.7142857142857191 0.7157142857142905 0.26708871522501737
0.717142857142862 0.7157142857142905 0.717142857142862 0.26821656530385835
0.7185714285714334 0.717142857142862 0.7185714285714334 0.2693473216233531
0.7200000000000049 0.7185714285714334 0.7200000000000049 0.2704809900707881
0.7214285714285763 0.7200000000000049 0.7214285714285763 0.2716175765662541
0.7228571428571477 0.7214285714285763 0.7228571428571477 0.27275708706282187
0.7242857142857192 0.7228571428571477 0.7242857142857192 0.27389952754671737
0.7257142857142906 0.7242857142857192 0.7257142857142906 0.2750449040374997
0.7271428571428621 0.7257142857142906 0.7271428571428621 0.2761932225882391
0.7285714285714335 0.7271428571428621 0.7285714285714335 0.27734448928569677
0.730000000000005 0.7285714285714335 0.730000000000005 0.2784987102505057
0.7314285714285764 0.730000000000005 0.7314285714285764 0.2796558916373526
0.7328571428571479 0.7314285714285764 0.7328571428571479 0.2808160396351613
0.7342857142857193 0.7328571428571479 0.7342857142857193 0.2819791604672771
0.7357142857142908 0.7342857142857193 0.7357142857142908 0.2831452603916527
0.7371428571428622 0.7357142857142908 0.7371428571428622 0.2843143457010351
0.7385714285714337 0.7371428571428622 0.7385714285714337 0.28548642272315367
0.7400000000000051 0.7385714285714337 0.7400000000000051 0.2866614978209101
0.7414285714285765 0.7400000000000051 0.7414285714285765 0.28783957739256893
0.742857142857148 0.7414285714285765 0.742857142857148 0.28902066787194974
0.7442857142857194 0.742857142857148 0.7442857142857194 0.2902047757286205
0.7457142857142909 0.7442857142857194 0.7457142857142909 0.29139190746809246
0.7471428571428623 0.7457142857142909 0.7471428571428623 0.29258206963201605
0.7485714285714338 0.7471428571428623 0.7485714285714338 0.2937752687983785
0.7500000000000052 0.7485714285714338 0.7500000000000052 0.2949715115817024
0.7514285714285767 0.7500000000000052 0.7514285714285767 0.2961708046332458
0.7528571428571481 0.7514285714285767 0.7528571428571481 0.29737315464120395
0.7542857142857196 0.7528571428571481 0.7542857142857196 0.29857856833091195
0.755714285714291 0.7542857142857196 0.755714285714291 0.29978705246504905
0.7571428571428624 0.755714285714291 0.7571428571428624 0.3009986138438444
0.7585714285714339 0.7571428571428624 0.7585714285714339 0.30221325930528414
0.7600000000000053 0.7585714285714339 0.7600000000000053 0.3034309957253198
0.7614285714285768 0.7600000000000053 0.7614285714285768 0.3046518300180784
0.7628571428571482 0.7614285714285768 0.7628571428571482 0.30587576913607384
0.7642857142857197 0.7628571428571482 0.7642857142857197 0.3071028200704198
0.7657142857142911 0.7642857142857197 0.7657142857142911 0.30833298985104396
0.7671428571428626 0.7657142857142911 0.7671428571428626 0.3095662855469042
0.768571428571434 0.7671428571428626 0.768571428571434 0.3108027142662055
0.7700000000000055 0.768571428571434 0.7700000000000055 0.3120422831566192
0.7714285714285769 0.7700000000000055 0.7714285714285769 0.3132849994055032
0.7728571428571483 0.7714285714285769 0.7728571428571483 0.314530870240124
0.7742857142857198 0.7728571428571483 0.7742857142857198 0.3157799029278801
0.7757142857142912 0.7742857142857198 0.7757142857142912 0.3170321047765272
0.7771428571428627 0.7757142857142912 0.7771428571428627 0.3182874831344048
0.7785714285714341 0.7771428571428627 0.7785714285714341 0.31954604539066433
0.7800000000000056 0.7785714285714341 0.7800000000000056 0.32080779897549916
0.781428571428577 0.7800000000000056 0.781428571428577 0.32207275136037594
0.7828571428571485 0.781428571428577 0.7828571428571485 0.32334091005826787
0.7842857142857199 0.7828571428571485 0.7842857142857199 0.32461228262388925
0.7857142857142914 0.7842857142857199 0.7857142857142914 0.325886876653932
0.7871428571428628 0.7857142857142914 0.7871428571428628 0.3271646997873038
0.7885714285714343 0.7871428571428628 0.7885714285714343 0.3284457597053677
0.7900000000000057 0.7885714285714343 0.7900000000000057 0.3297300641321839
0.7914285714285771 0.7900000000000057 0.7914285714285771 0.33101762083475267
0.7928571428571486 0.7914285714285771 0.7928571428571486 0.3323084376232594
0.79428571428572 0.7928571428571486 0.79428571428572 0.33360252235132126
0.7957142857142915 0.79428571428572 0.7957142857142915 0.33489988291623574
0.7971428571428629 0.7957142857142915 0.7971428571428629 0.3362005272592307
0.7985714285714344 0.7971428571428629 0.7985714285714344 0.3375044633657167
0.8000000000000058 0.7985714285714344 0.8000000000000058 0.3388116992655405
0.8014285714285773 0.8000000000000058 0.8014285714285773 0.3401222430332409
0.8028571428571487 0.8014285714285773 0.8028571428571487 0.3414361027883062
0.8042857142857202 0.8028571428571487 0.8042857142857202 0.3427532866954336
0.8057142857142916 0.8042857142857202 0.8057142857142916 0.34407380296479023
0.807142857142863 0.8057142857142916 0.807142857142863 0.3453976598522766
0.8085714285714345 0.807142857142863 0.8085714285714345 0.3467248656597913
0.8100000000000059 0.8085714285714345 0.8100000000000059 0.3480554287354982
0.8114285714285774 0.8100000000000059 0.8114285714285774 0.3493893574740951
0.8128571428571488 0.8114285714285774 0.8128571428571488 0.3507266603170846
0.8142857142857203 0.8128571428571488 0.8142857142857203 0.3520673457530471
0.8157142857142917 0.8142857142857203 0.8157142857142917 0.3534114223179153
0.8171428571428632 0.8157142857142917 0.8171428571428632 0.3547588985952512
0.8185714285714346 0.8171428571428632 0.8185714285714346 0.3561097832165249
0.8200000000000061 0.8185714285714346 0.8200000000000061 0.35746408486139536
0.8214285714285775 0.8200000000000061 0.8214285714285775 0.35882181225799326
0.822857142857149 0.8214285714285775 0.822857142857149 0.36018297418320616
0.8242857142857204 0.822857142857149 0.8242857142857204 0.36154757946296556
0.8257142857142918 0.8242857142857204 0.8257142857142918 0.3629156369725359
0.8271428571428633 0.8257142857142918 0.8271428571428633 0.3642871556368062
0.8285714285714347 0.8271428571428633 0.8285714285714347 0.36566214443058315
0.8300000000000062 0.8285714285714347 0.8300000000000062 0.367040612378887
0.8314285714285776 0.8300000000000062 0.8314285714285776 0.3684225685572494
0.8328571428571491 0.8314285714285776 0.8328571428571491 0.36980802209201324
0.8342857142857205 0.8328571428571491 0.8342857142857205 0.3711969821606351
0.835714285714292 0.8342857142857205 0.835714285714292 0.37258945799198967
0.8371428571428634 0.835714285714292 0.8371428571428634 0.37398545886667645
0.8385714285714349 0.8371428571428634 0.8385714285714349 0.3753849941173289
0.8400000000000063 0.8385714285714349 0.8400000000000063 0.3767880731289257
0.8414285714285777 0.8400000000000063 0.8414285714285777 0.37819470533910454
0.8428571428571492 0.8414285714285777 0.8428571428571492 0.379604900238478
0.8442857142857206 0.8428571428571492 0.8442857142857206 0.381018667370952
0.8457142857142921 0.8442857142857206 0.8457142857142921 0.38243601633404667
0.8471428571428635 0.8457142857142921 0.8471428571428635 0.38385695677921927
0.848571428571435 0.8471428571428635 0.848571428571435 0.3852814984121901
0.8500000000000064 0.848571428571435 0.8500000000000064 0.38670965099327037
0.8514285714285779 0.8500000000000064 0.8514285714285779 0.3881414243376928
0.8528571428571493 0.8514285714285779 0.8528571428571493 0.3895768283159445
0.8542857142857208 0.8528571428571493 0.8542857142857208 0.3910158728541028
0.8557142857142922 0.8542857142857208 0.8557142857142922 0.392458567934173
0.8571428571428636 0.8557142857142922 0.8571428571428636 0.3939049235944293
0.8585714285714351 0.8571428571428636 0.8585714285714351 0.39535494992975784
0.8600000000000065 0.8585714285714351 0.8600000000000065 0.3968086570920025
0.861428571428578 0.8600000000000065 0.861428571428578 0.39826605529031367
0.8628571428571494 0.861428571428578 0.8628571428571494 0.39972715479149895
0.8642857142857209 0.8628571428571494 0.8642857142857209 0.4011919659203772
0.8657142857142923 0.8642857142857209 0.8657142857142923 0.40266049906013496
0.8671428571428638 0.8657142857142923 0.8671428571428638 0.40413276465268577
0.8685714285714352 0.8671428571428638 0.8685714285714352 0.405608773199032
0.8700000000000067 0.8685714285714352 0.8700000000000067 0.4070885352596297
0.8714285714285781 0.8700000000000067 0.8714285714285781 0.40857206145475605
0.8728571428571495 0.8714285714285781 0.8728571428571495 0.41005936246488
0.874285714285721 0.8728571428571495 0.874285714285721 0.4115504490310351
0.8757142857142924 0.874285714285721 0.8757142857142924 0.413045331955196
0.8771428571428639 0.8757142857142924 0.8771428571428639 0.4145440221006571
0.8785714285714353 0.8771428571428639 0.8785714285714353 0.4160465303924149
0.8800000000000068 0.8785714285714353 0.8800000000000068 0.4175528678175525
0.8814285714285782 0.8800000000000068 0.8814285714285782 0.4190630454256278
0.8828571428571497 0.8814285714285782 0.8828571428571497 0.42057707432906405
0.8842857142857211 0.8828571428571497 0.8842857142857211 0.4220949657035442
0.8857142857142926 0.8842857142857211 0.8857142857142926 0.42361673078840767
0.887142857142864 0.8857142857142926 0.887142857142864 0.4251423808870503
0.8885714285714355 0.887142857142864 0.8885714285714355 0.42667192736732795
0.8900000000000069 0.8885714285714355 0.8900000000000069 0.4282053816619625
0.8914285714285783 0.8900000000000069 0.8914285714285783 0.4297427552689515
0.8928571428571498 0.8914285714285783 0.8928571428571498 0.43128405975198114
0.8942857142857212 0.8928571428571498 0.8942857142857212 0.432829306740842
0.8957142857142927 0.8942857142857212 0.8957142857142927 0.4343785079318484
0.8971428571428641 0.8957142857142927 0.8971428571428641 0.4359316750882609
0.8985714285714356 0.8971428571428641 0.8985714285714356 0.4374888200407124
0.900000000000007 0.8985714285714356 0.900000000000007 0.4390499546876371
0.9014285714285785 0.900000000000007 0.9014285714285785 0.44061509099570334
0.9028571428571499 0.9014285714285785 0.9028571428571499 0.4421842410002497
0.9042857142857214 0.9028571428571499 0.9042857142857214 0.4437574168057244
0.9057142857142928 0.9042857142857214 0.9057142857142928 0.4453346305861283
0.9071428571428642 0.9057142857142928 0.9071428571428642 0.4469158945854616
0.9085714285714357 0.9071428571428642 0.9085714285714357 0.44850122111817375
0.9100000000000071 0.9085714285714357 0.9100000000000071 0.4500906225696172
0.9114285714285786 0.9100000000000071 0.9114285714285786 0.4516841113965046
0.91285714285715 0.9114285714285786 0.91285714285715 0.45328170012736996
0.9142857142857215 0.91285714285715 0.9142857142857215 0.454883401363033
0.9157142857142929 0.9142857142857215 0.9157142857142929 0.4564892277770677
0.9171428571428644 0.9157142857142929 0.9171428571428644 0.4580991921162742
0.9185714285714358 0.9171428571428644 0.9185714285714358 0.45971330720115494
0.9200000000000073 0.9185714285714358 0.9200000000000073 0.4613315859263943
0.9214285714285787 0.9200000000000073 0.9214285714285787 0.462954041261342
0.9228571428571501 0.9214285714285787 0.9228571428571501 0.46458068625050086
0.9242857142857216 0.9228571428571501 0.9242857142857216 0.4662115340140181
0.925714285714293 0.9242857142857216 0.925714285714293 0.4678465977481807
0.9271428571428645 0.925714285714293 0.9271428571428645 0.4694858907259149
0.9285714285714359 0.9271428571428645 0.9285714285714359 0.47112942629728954
0.9300000000000074 0.9285714285714359 0.9300000000000074 0.4727772178900238
0.9314285714285788 0.9300000000000074 0.9314285714285788 0.47442927900999865
0.9328571428571503 0.9314285714285788 0.9328571428571503 0.4760856232417729
0.9342857142857217 0.9328571428571503 0.9342857142857217 0.47774626424910305
0.9357142857142932 0.9342857142857217 0.9357142857142932 0.4794112157754678
0.9371428571428646 0.9357142857142932 0.9371428571428646 0.4810804916445965
0.938571428571436 0.9371428571428646 0.938571428571436 0.482754105761002
0.9400000000000075 0.938571428571436 0.9400000000000075 0.4844320721105181
0.9414285714285789 0.9400000000000075 0.9414285714285789 0.48611440476084117
0.9428571428571504 0.9414285714285789 0.9428571428571504 0.48780111786207625
0.9442857142857218 0.9428571428571504 0.9442857142857218 0.4894922256472877
0.9457142857142933 0.9442857142857218 0.9457142857142933 0.4911877424330546
0.9471428571428647 0.9457142857142933 0.9471428571428647 0.4928876826200301
0.9485714285714362 0.9471428571428647 0.9485714285714362 0.4945920606935062
0.9500000000000076 0.9485714285714362 0.9500000000000076 0.4963008912239827
0.9514285714285791 0.9500000000000076 0.9514285714285791 0.4980141888677409
0.9528571428571505 0.9514285714285791 0.9528571428571505 0.4997319683674223
0.954285714285722 0.9528571428571505 0.954285714285722 0.5014542445526118
0.9557142857142934 0.954285714285722 0.9557142857142934 0.5031810323404261
0.9571428571428648 0.9557142857142934 0.9571428571428648 0.5049123467361069
0.9585714285714363 0.9571428571428648 0.9585714285714363 0.5066482028336184
0.9600000000000077 0.9585714285714363 0.9600000000000077 0.5083886158162514
0.9614285714285792 0.9600000000000077 0.9614285714285792 0.5101336009572304
0.9628571428571506 0.9614285714285792 0.9628571428571506 0.5118831736203273
0.9642857142857221 0.9628571428571506 0.9642857142857221 0.5136373492604801
0.9657142857142935 0.9642857142857221 0.9657142857142935 0.515396143424416
0.967142857142865 0.9657142857142935 0.967142857142865 0.5171595717512802
0.9685714285714364 0.967142857142865 0.9685714285714364 0.5189276499732706
0.9700000000000079 0.9685714285714364 0.9700000000000079 0.5207003939162765
0.9714285714285793 0.9700000000000079 0.9714285714285793 0.5224778195005243
0.9728571428571507 0.9714285714285793 0.9728571428571507 0.5242599427412273
0.9742857142857222 0.9728571428571507 0.9742857142857222 0.526046779749242
0.9757142857142936 0.9742857142857222 0.9757142857142936 0.5278383467317289
0.9771428571428651 0.9757142857142936 0.9771428571428651 0.5296346599928206
0.9785714285714365 0.9771428571428651 0.9785714285714365 0.5314357359342935
0.980000000000008 0.9785714285714365 0.980000000000008 0.533241591056247
0.9814285714285794 0.980000000000008 0.9814285714285794 0.5350522419577877
0.9828571428571509 0.9814285714285794 0.9828571428571509 0.536867705337719
0.9842857142857223 0.9828571428571509 0.9842857142857223 0.5386879979952381
0.9857142857142938 0.9842857142857223 0.9857142857142938 0.5405131368306373
0.9871428571428652 0.9857142857142938 0.9871428571428652 0.5423431388460122
0.9885714285714367 0.9871428571428652 0.9885714285714367 0.5441780211459761
0.9900000000000081 0.9885714285714367 0.9900000000000081 0.5460178009383803
0.9914285714285795 0.9900000000000081 0.9914285714285795 0.5478624955350402
0.992857142857151 0.9914285714285795 0.992857142857151 0.5497121223524687
0.9942857142857224 0.992857142857151 0.9942857142857224 0.5515666989126149
0.9957142857142939 0.9942857142857224 0.9957142857142939 0.5534262428436099
0.9971428571428653 0.9957142857142939 0.9971428571428653 0.5552907718805187
0.9985714285714368 0.9971428571428653 0.9985714285714368 0.5571603038660989
1.0000000000000082 0.9985714285714368 1.0000000000000082 0.559034856751566
