TIMER START_TIME END_TIME VALUE
0.0016666666666666668 0.0 0.0016666666666666668 4.1666666749721375e-06
0.0033333333333333335 0.0016666666666666668 0.0033333333333333335 1.1111111217742629e-05
0.005 0.0033333333333333335 0.005 2.0833333866223014e-05
0.006666666666666667 0.005 0.006666666666666667 3.333333508980636e-05
0.008333333333333333 0.006666666666666667 0.008333333333333333 4.861111566652788e-05
0.01 0.008333333333333333 0.01 6.666667676022567e-05
0.011666666666666667 0.01 0.011666666666666667 8.750001999770161e-05
0.013333333333333334 0.011666666666666667 0.013333333333333334 0.00011111114754588255
0.015000000000000001 0.013333333333333334 0.015000000000000001 0.0001375000621889819
0.016666666666666666 0.015000000000000001 0.016666666666666666 0.0001666667674056616
0.018333333333333333 0.016666666666666666 0.018333333333333333 0.00019861126744619495
0.02 0.018333333333333333 0.02 0.00023333356740962976
0.021666666666666667 0.02 0.021666666666666667 0.00027083367332095287
0.023333333333333334 0.021666666666666667 0.023333333333333334 0.00031111159220825545
0.025 0.023333333333333334 0.025 0.00035416733217989976
0.02666666666666667 0.025 0.02666666666666667 0.00040000090250168706
0.028333333333333335 0.02666666666666667 0.028333333333333335 0.00044861231367402776
0.030000000000000002 0.028333333333333335 0.030000000000000002 0.0005000015775091129
0.03166666666666667 0.030000000000000002 0.03166666666666667 0.0005541687072080884
0.03333333333333333 0.03166666666666667 0.03333333333333333 0.0006111137174382309
0.034999999999999996 0.03333333333333333 0.034999999999999996 0.0006708366244101275
0.03666666666666666 0.034999999999999996 0.03666666666666666 0.0007333374459548571
0.03833333333333332 0.03666666666666666 0.03833333333333332 0.0007986162016011762
0.03999999999999999 0.03833333333333332 0.03999999999999999 0.0008666729126527082
0.04166666666666665 0.03999999999999999 0.04166666666666665 0.0009375076022651355
0.043333333333333314 0.04166666666666665 0.043333333333333314 0.0010111202955233978
0.04499999999999998 0.043333333333333314 0.04499999999999998 0.0010875110195188934
0.04666666666666664 0.04499999999999998 0.04666666666666664 0.0011666798034266868
0.048333333333333305 0.04666666666666664 0.048333333333333305 0.0012486266785827207
0.04999999999999997 0.048333333333333305 0.04999999999999997 0.0013333516785610348
0.05166666666666663 0.04999999999999997 0.05166666666666663 0.0014208548392509904
0.053333333333333295 0.05166666666666663 0.053333333333333295 0.001511136198934502
0.05499999999999996 0.053333333333333295 0.05499999999999996 0.0016041957983632762
0.05666666666666662 0.05499999999999996 0.05666666666666662 0.0017000336808360573
0.058333333333333286 0.05666666666666662 0.058333333333333286 0.0017986498922758828
0.05999999999999995 0.058333333333333286 0.05999999999999995 0.0019000444813073462
0.06166666666666661 0.05999999999999995 0.06166666666666661 0.00200421749933387
0.06333333333333328 0.06166666666666661 0.06333333333333328 0.002111169000614986
0.06499999999999995 0.06333333333333328 0.06499999999999995 0.002220899042343631
0.06666666666666661 0.06499999999999995 0.06666666666666661 0.002333407684723447
0.06833333333333327 0.06666666666666661 0.06833333333333327 0.0024486949910460976
0.06999999999999994 0.06833333333333327 0.06999999999999994 0.002566761027768594
0.0716666666666666 0.06999999999999994 0.0716666666666666 0.0026876058645906357
0.07333333333333326 0.0716666666666666 0.07333333333333326 0.0028112295745319604
0.07499999999999993 0.07333333333333326 0.07499999999999993 0.002937632234009713
0.07666666666666659 0.07499999999999993 0.07666666666666659 0.003066813922915826
0.07833333333333325 0.07666666666666659 0.07833333333333325 0.003198774724694415
0.07999999999999992 0.07833333333333325 0.07999999999999992 0.003333514726419191
0.08166666666666658 0.07999999999999992 0.08166666666666658 0.0034710340188708897
0.08333333333333325 0.08166666666666658 0.08333333333333325 0.003611332696614717
0.08499999999999991 0.08333333333333325 0.08499999999999991 0.0037544108580778134
0.08666666666666657 0.08499999999999991 0.08666666666666657 0.0039002686056267364
0.08833333333333324 0.08666666666666657 0.08833333333333324 0.004048906045644963
0.0899999999999999 0.08833333333333324 0.0899999999999999 0.004200323288610413
0.09166666666666656 0.0899999999999999 0.09166666666666656 0.004354520449172992
0.09333333333333323 0.09166666666666656 0.09333333333333323 0.004511497646232156
0.09499999999999989 0.09333333333333323 0.09499999999999989 0.004671255003014503
0.09666666666666655 0.09499999999999989 0.09666666666666655 0.004833792647151382
0.09833333333333322 0.09666666666666655 0.09833333333333322 0.004999110710756531
0.09999999999999988 0.09833333333333322 0.09999999999999988 0.005167209330503738
0.10166666666666654 0.09999999999999988 0.10166666666666654 0.005338088647704528
0.10333333333333321 0.10166666666666654 0.10333333333333321 0.005511748808385882
0.10499999999999987 0.10333333333333321 0.10499999999999987 0.005688189963367974
0.10666666666666653 0.10499999999999987 0.10666666666666653 0.005867412268341946
0.1083333333333332 0.10666666666666653 0.1083333333333332 0.00604941588394771
0.10999999999999986 0.1083333333333332 0.10999999999999986 0.006234200975851781
0.11166666666666653 0.10999999999999986 0.11166666666666653 0.006421767714825138
0.11333333333333319 0.11166666666666653 0.11333333333333319 0.0066121162768211245
0.11499999999999985 0.11333333333333319 0.11499999999999985 0.006805246843053377
0.11666666666666652 0.11499999999999985 0.11666666666666652 0.007001159600073793
0.11833333333333318 0.11666666666666652 0.11833333333333318 0.0071998547398505275
0.11999999999999984 0.11833333333333318 0.11999999999999984 0.007401332459846039
0.1216666666666665 0.11999999999999984 0.1216666666666665 0.007605592963095159
0.12333333333333317 0.1216666666666665 0.12333333333333317 0.00781263645828321
0.12499999999999983 0.12333333333333317 0.12499999999999983 0.008022463159824161
0.1266666666666665 0.12499999999999983 0.1266666666666665 0.008235073287938825
0.1283333333333332 0.1266666666666665 0.1283333333333332 0.008450467068733092
0.12999999999999987 0.1283333333333332 0.12999999999999987 0.008668644734276223
0.13166666666666654 0.12999999999999987 0.13166666666666654 0.008889606522679167
0.13333333333333322 0.13166666666666654 0.13333333333333322 0.00911335267817294
0.1349999999999999 0.13333333333333322 0.1349999999999999 0.00933988345118704
0.13666666666666658 0.1349999999999999 0.13666666666666658 0.009569199098427917
0.13833333333333325 0.13666666666666658 0.13833333333333325 0.009801299882957498
0.13999999999999993 0.13833333333333325 0.13999999999999993 0.010036186074271746
0.1416666666666666 0.13999999999999993 0.1416666666666666 0.010273857948379284
0.14333333333333328 0.1416666666666666 0.14333333333333328 0.01051431578788007
0.14499999999999996 0.14333333333333328 0.14499999999999996 0.010757559882044125
0.14666666666666664 0.14499999999999996 0.14666666666666664 0.011003590526890315
0.14833333333333332 0.14666666666666664 0.14833333333333332 0.011252408025265193
0.15 0.14833333333333332 0.15 0.0115040126869219
0.15166666666666667 0.15 0.15166666666666667 0.011758404828599129
0.15333333333333335 0.15166666666666667 0.15333333333333335 0.012015584774100132
0.15500000000000003 0.15333333333333335 0.15500000000000003 0.012275552854371822
0.1566666666666667 0.15500000000000003 0.1566666666666667 0.012538309407583902
0.15833333333333338 0.1566666666666667 0.15833333333333338 0.012803854779208092
0.16000000000000006 0.15833333333333338 0.16000000000000006 0.0130721893220974
0.16166666666666674 0.16000000000000006 0.16166666666666674 0.013343313396565476
0.1633333333333334 0.16166666666666674 0.1633333333333334 0.013617227370466023
0.1650000000000001 0.1633333333333334 0.1650000000000001 0.013893931619272291
0.16666666666666677 0.1650000000000001 0.16666666666666677 0.014173426526156638
0.16833333333333345 0.16666666666666677 0.16833333333333345 0.01445571248207016
0.17000000000000012 0.16833333333333345 0.17000000000000012 0.014740789885822413
0.1716666666666668 0.17000000000000012 0.1716666666666668 0.01502865914416119
0.17333333333333348 0.1716666666666668 0.17333333333333348 0.0153193206718524
0.17500000000000016 0.17333333333333348 0.17500000000000016 0.015612774891760004
0.17666666666666683 0.17500000000000016 0.17666666666666683 0.015909022234926056
0.1783333333333335 0.17666666666666683 0.1783333333333335 0.016208063140650812
0.1800000000000002 0.1783333333333335 0.1800000000000002 0.01650989805657293
0.18166666666666687 0.1800000000000002 0.18166666666666687 0.01681452743874975
0.18333333333333354 0.18166666666666687 0.18333333333333354 0.017121951751737682
0.18500000000000022 0.18333333333333354 0.18500000000000022 0.017432171468672656
0.1866666666666669 0.18500000000000022 0.1866666666666669 0.01774518707135069
0.18833333333333357 0.1866666666666669 0.18833333333333357 0.01806099905030853
0.19000000000000025 0.18833333333333357 0.19000000000000025 0.018379607904904404
0.19166666666666693 0.19000000000000025 0.19166666666666693 0.018701014143398868
0.1933333333333336 0.19166666666666693 0.1933333333333336 0.019025218283035734
0.19500000000000028 0.1933333333333336 0.19500000000000028 0.019352220850123125
0.19666666666666696 0.19500000000000028 0.19666666666666696 0.019682022380114614
0.19833333333333364 0.19666666666666696 0.19833333333333364 0.020014623417690475
0.20000000000000032 0.19833333333333364 0.20000000000000032 0.02035002451683904
0.201666666666667 0.20000000000000032 0.201666666666667 0.02068822624093817
0.20333333333333367 0.201666666666667 0.20333333333333367 0.0210292291628368
0.20500000000000035 0.20333333333333367 0.20500000000000035 0.021373033864936657
0.20666666666666703 0.20500000000000035 0.20666666666666703 0.021719640939274042
0.2083333333333337 0.20666666666666703 0.2083333333333337 0.022069050987601747
0.21000000000000038 0.2083333333333337 0.21000000000000038 0.022421264621471086
0.21166666666666706 0.21000000000000038 0.21166666666666706 0.02277628246231405
0.21333333333333374 0.21166666666666706 0.21333333333333374 0.023134105141525575
0.2150000000000004 0.21333333333333374 0.2150000000000004 0.02349473330054594
0.2166666666666671 0.2150000000000004 0.2166666666666671 0.02385816759094329
0.21833333333333377 0.2166666666666671 0.21833333333333377 0.024224408674496285
0.22000000000000045 0.21833333333333377 0.22000000000000045 0.02459345722327687
0.22166666666666712 0.22000000000000045 0.22166666666666712 0.024965313919733195
0.2233333333333338 0.22166666666666712 0.2233333333333338 0.025339979456772663
0.22500000000000048 0.2233333333333338 0.22500000000000048 0.025717454537845096
0.22666666666666715 0.22500000000000048 0.22666666666666715 0.026097739877026058
0.22833333333333383 0.22666666666666715 0.22833333333333383 0.026480836199100313
0.2300000000000005 0.22833333333333383 0.2300000000000005 0.026866744239645426
0.2316666666666672 0.2300000000000005 0.2316666666666672 0.027255464745115508
0.23333333333333386 0.2316666666666672 0.23333333333333386 0.027646998472925097
0.23500000000000054 0.23333333333333386 0.23500000000000054 0.02804134619153321
0.23666666666666722 0.23500000000000054 0.23666666666666722 0.028438508680527528
0.2383333333333339 0.23666666666666722 0.2383333333333339 0.028838486730708737
0.24000000000000057 0.2383333333333339 0.24000000000000057 0.029241281144175027
0.24166666666666725 0.24000000000000057 0.24166666666666725 0.029646892734406755
0.24333333333333393 0.24166666666666725 0.24333333333333393 0.030055322326351257
0.2450000000000006 0.24333333333333393 0.2450000000000006 0.030466570756507827
0.24666666666666728 0.2450000000000006 0.24666666666666728 0.030880638873012862
0.24833333333333396 0.24666666666666728 0.24833333333333396 0.03129752753572517
0.2500000000000006 0.24833333333333396 0.2500000000000006 0.03171723761631147
0.25166666666666726 0.2500000000000006 0.25166666666666726 0.03213976999833201
0.2533333333333339 0.25166666666666726 0.2533333333333339 0.03256512557732644
0.25500000000000056 0.2533333333333339 0.25500000000000056 0.032993305260899754
0.2566666666666672 0.25500000000000056 0.2566666666666672 0.03342430996880854
0.25833333333333386 0.2566666666666672 0.25833333333333386 0.033858140633047304
0.2600000000000005 0.25833333333333386 0.2600000000000005 0.03429479819793504
0.26166666666666716 0.2600000000000005 0.26166666666666716 0.03473428362020194
0.2633333333333338 0.26166666666666716 0.2633333333333338 0.035176597869076356
0.26500000000000046 0.2633333333333338 0.26500000000000046 0.03562174192637189
0.2666666666666671 0.26500000000000046 0.2666666666666671 0.03606971678657471
0.26833333333333376 0.2666666666666671 0.26833333333333376 0.036520523456931075
0.2700000000000004 0.26833333333333376 0.2700000000000004 0.036974162957535035
0.27166666666666706 0.2700000000000004 0.27166666666666706 0.03743063632141634
0.2733333333333337 0.27166666666666706 0.2733333333333337 0.037889944594628557
0.27500000000000036 0.2733333333333337 0.27500000000000036 0.0383520888363374
0.276666666666667 0.27500000000000036 0.276666666666667 0.038817070118909267
0.27833333333333365 0.276666666666667 0.27833333333333365 0.039284889527999974
0.2800000000000003 0.27833333333333365 0.2800000000000003 0.03975554816264374
0.28166666666666695 0.2800000000000003 0.28166666666666695 0.040229047135342366
0.2833333333333336 0.28166666666666695 0.2833333333333336 0.040705387572154625
0.28500000000000025 0.2833333333333336 0.28500000000000025 0.04118457061278591
0.2866666666666669 0.28500000000000025 0.2866666666666669 0.04166659741067808
0.28833333333333355 0.2866666666666669 0.28833333333333355 0.04215146913309956
0.2900000000000002 0.28833333333333355 0.2900000000000002 0.04263918696123564
0.29166666666666685 0.2900000000000002 0.29166666666666685 0.04312975209027906
0.2933333333333335 0.29166666666666685 0.2933333333333335 0.04362316572952078
0.29500000000000015 0.2933333333333335 0.29500000000000015 0.04411942910244103
0.2966666666666668 0.29500000000000015 0.2966666666666668 0.04461854344680059
0.29833333333333345 0.2966666666666668 0.29833333333333345 0.045120510014732336
0.3000000000000001 0.29833333333333345 0.3000000000000001 0.04562533007283298
0.30166666666666675 0.3000000000000001 0.30166666666666675 0.04613300490225516
0.3033333333333334 0.30166666666666675 0.3033333333333334 0.046643535798799686
0.30500000000000005 0.3033333333333334 0.30500000000000005 0.04715692407300813
0.3066666666666667 0.30500000000000005 0.3066666666666667 0.04767317105025561
0.30833333333333335 0.3066666666666667 0.30833333333333335 0.0481922780708439
0.31 0.30833333333333335 0.31 0.04871424649009475
0.31166666666666665 0.31 0.31166666666666665 0.049239077678443564
0.3133333333333333 0.31166666666666665 0.3133333333333333 0.04976677302153325
0.31499999999999995 0.3133333333333333 0.31499999999999995 0.05029733392030842
0.3166666666666666 0.31499999999999995 0.3166666666666666 0.05083076179110987
0.31833333333333325 0.3166666666666666 0.31833333333333325 0.0513670580657693
0.3199999999999999 0.31833333333333325 0.3199999999999999 0.05190622419170439
0.32166666666666655 0.3199999999999999 0.32166666666666655 0.05244826163201409
0.3233333333333332 0.32166666666666655 0.3233333333333332 0.05299317186557428
0.32499999999999984 0.3233333333333332 0.32499999999999984 0.05354095638713368
0.3266666666666665 0.32499999999999984 0.3266666666666665 0.0540916167074101
0.32833333333333314 0.3266666666666665 0.32833333333333314 0.05464515435318695
0.3299999999999998 0.32833333333333314 0.3299999999999998 0.05520157086741013
0.33166666666666644 0.3299999999999998 0.33166666666666644 0.05576086780928513
0.3333333333333331 0.33166666666666644 0.3333333333333331 0.05632304675437456
0.33499999999999974 0.3333333333333331 0.33499999999999974 0.05688810929469591
0.3366666666666664 0.33499999999999974 0.3366666666666664 0.05745605703881972
0.33833333333333304 0.3366666666666664 0.33833333333333304 0.05802689161196797
0.3399999999999997 0.33833333333333304 0.3399999999999997 0.058600614656112916
0.34166666666666634 0.3399999999999997 0.34166666666666634 0.05917722783007616
0.343333333333333 0.34166666666666634 0.343333333333333 0.059756732809628135
0.34499999999999964 0.343333333333333 0.34499999999999964 0.0603391312875879
0.3466666666666663 0.34499999999999964 0.3466666666666663 0.06092442497392328
0.34833333333333294 0.3466666666666663 0.34833333333333294 0.06151261559585135
0.3499999999999996 0.34833333333333294 0.3499999999999996 0.062103704897939295
0.35166666666666624 0.3499999999999996 0.35166666666666624 0.06269769464220562
0.3533333333333329 0.35166666666666624 0.3533333333333329 0.06329458660822171
0.35499999999999954 0.3533333333333329 0.35499999999999954 0.06389438259321374
0.3566666666666662 0.35499999999999954 0.3566666666666662 0.06449708441216505
0.35833333333333284 0.3566666666666662 0.35833333333333284 0.06510269389791873
0.3599999999999995 0.35833333333333284 0.3599999999999995 0.06571121290128074
0.36166666666666614 0.3599999999999995 0.36166666666666614 0.06632264329112332
0.3633333333333328 0.36166666666666614 0.3633333333333328 0.06693698695448881
0.36499999999999944 0.3633333333333328 0.36499999999999944 0.06755424579669388
0.3666666666666661 0.36499999999999944 0.3666666666666661 0.0681744217414341
0.36833333333333274 0.3666666666666661 0.36833333333333274 0.06879751673088896
0.3699999999999994 0.36833333333333274 0.3699999999999994 0.06942353272582731
0.37166666666666603 0.3699999999999994 0.37166666666666603 0.0700524717057131
0.3733333333333327 0.37166666666666603 0.3733333333333327 0.07068433566881169
0.37499999999999933 0.3733333333333327 0.37499999999999933 0.07131912663229639
0.376666666666666 0.37499999999999933 0.376666666666666 0.07195684663235562
0.37833333333333263 0.376666666666666 0.37833333333333263 0.07259749772430028
0.3799999999999993 0.37833333333333263 0.3799999999999993 0.07324108198267176
0.38166666666666593 0.3799999999999993 0.38166666666666593 0.07388760150135022
0.3833333333333326 0.38166666666666593 0.3833333333333326 0.07453705839366338
0.38499999999999923 0.3833333333333326 0.38499999999999923 0.07518945479249577
0.3866666666666659 0.38499999999999923 0.3866666666666659 0.07584479285039833
0.38833333333333253 0.3866666666666659 0.38833333333333253 0.07650307473969861
0.3899999999999992 0.38833333333333253 0.3899999999999992 0.07716430265261129
0.39166666666666583 0.3899999999999992 0.39166666666666583 0.07782847880134919
0.3933333333333325 0.39166666666666583 0.3933333333333325 0.07849560541823483
0.39499999999999913 0.3933333333333325 0.39499999999999913 0.07916568475581236
0.3966666666666658 0.39499999999999913 0.3966666666666658 0.07983871908695997
0.39833333333333243 0.3966666666666658 0.39833333333333243 0.08051471070500288
0.3999999999999991 0.39833333333333243 0.3999999999999991 0.08119366192382667
0.40166666666666573 0.3999999999999991 0.40166666666666573 0.08187557507799122
0.4033333333333324 0.40166666666666573 0.4033333333333324 0.08256045252284507
0.404999999999999 0.4033333333333324 0.404999999999999 0.08324829663464031
0.4066666666666657 0.404999999999999 0.4066666666666657 0.08393910981064795
0.4083333333333323 0.4066666666666657 0.4083333333333323 0.08463289446927384
0.409999999999999 0.4083333333333323 0.409999999999999 0.08532965305017505
0.4116666666666656 0.409999999999999 0.4116666666666656 0.0860293880143768
0.4133333333333323 0.4116666666666656 0.4133333333333323 0.08673210184438994
0.4149999999999989 0.4133333333333323 0.4149999999999989 0.08743779704432889
0.4166666666666656 0.4149999999999989 0.4166666666666656 0.08814647614003016
0.4183333333333322 0.4166666666666656 0.4183333333333322 0.0888581416791714
0.4199999999999989 0.4183333333333322 0.4199999999999989 0.08957279623139103
0.4216666666666655 0.4199999999999989 0.4216666666666655 0.09029044238840832
0.4233333333333322 0.4216666666666655 0.4233333333333322 0.09101108276414414
0.4249999999999988 0.4233333333333322 0.4249999999999988 0.09173471999484223
0.4266666666666655 0.4249999999999988 0.4266666666666655 0.09246135673919097
0.4283333333333321 0.4266666666666655 0.4283333333333321 0.09319099567844583
0.42999999999999877 0.4283333333333321 0.42999999999999877 0.09392363951655232
0.4316666666666654 0.42999999999999877 0.4316666666666654 0.09465929098026957
0.43333333333333207 0.4316666666666654 0.43333333333333207 0.09539795281929446
0.4349999999999987 0.43333333333333207 0.4349999999999987 0.09613962780638637
0.43666666666666537 0.4349999999999987 0.43666666666666537 0.09688431873749251
0.438333333333332 0.43666666666666537 0.438333333333332 0.09763202843187388
0.43999999999999867 0.438333333333332 0.43999999999999867 0.09838275973223183
0.4416666666666653 0.43999999999999867 0.4416666666666653 0.09913651550483521
0.44333333333333197 0.4416666666666653 0.44333333333333197 0.09989329863964821
0.4449999999999986 0.44333333333333197 0.4449999999999986 0.10065311205045878
0.44666666666666527 0.4449999999999986 0.44666666666666527 0.10141595867500763
0.4483333333333319 0.44666666666666527 0.4483333333333319 0.10218184147511802
0.44999999999999857 0.4483333333333319 0.44999999999999857 0.10295076343682609
0.4516666666666652 0.44999999999999857 0.4516666666666652 0.10372272757051183
0.45333333333333187 0.4516666666666652 0.45333333333333187 0.10449773691103079
0.4549999999999985 0.45333333333333187 0.4549999999999985 0.10527579451784637
0.45666666666666517 0.4549999999999985 0.45666666666666517 0.10605690347516286
0.4583333333333318 0.45666666666666517 0.4583333333333318 0.10684106689205912
0.45999999999999847 0.4583333333333318 0.45999999999999847 0.10762828790262292
0.4616666666666651 0.45999999999999847 0.4616666666666651 0.10841856966608604
0.46333333333333176 0.4616666666666651 0.46333333333333176 0.10921191536695998
0.4649999999999984 0.46333333333333176 0.4649999999999984 0.11000832821517247
0.46666666666666506 0.4649999999999984 0.46666666666666506 0.11080781144620461
0.4683333333333317 0.46666666666666506 0.4683333333333317 0.1116103683212288
0.46999999999999836 0.4683333333333317 0.46999999999999836 0.11241600212724731
0.471666666666665 0.46999999999999836 0.471666666666665 0.11322471617723168
0.47333333333333166 0.471666666666665 0.47333333333333166 0.11403651381026275
0.4749999999999983 0.47333333333333166 0.4749999999999983 0.11485139839167156
0.47666666666666496 0.4749999999999983 0.47666666666666496 0.11566937331318088
0.4783333333333316 0.47666666666666496 0.4783333333333316 0.11649044199304755
0.47999999999999826 0.4783333333333316 0.47999999999999826 0.11731460787620565
0.4816666666666649 0.47999999999999826 0.4816666666666649 0.11814187443441033
0.48333333333333156 0.4816666666666649 0.48333333333333156 0.11897224516638252
0.4849999999999982 0.48333333333333156 0.4849999999999982 0.11980572359795434
0.48666666666666486 0.4849999999999982 0.48666666666666486 0.12064231328221536
0.4883333333333315 0.48666666666666486 0.4883333333333315 0.12148201779965967
0.48999999999999816 0.4883333333333315 0.48999999999999816 0.12232484075833373
0.4916666666666648 0.48999999999999816 0.4916666666666648 0.12317078579398506
0.49333333333333146 0.4916666666666648 0.49333333333333146 0.12401985657021172
0.4949999999999981 0.49333333333333146 0.4949999999999981 0.12487205677861267
0.49666666666666476 0.4949999999999981 0.49666666666666476 0.12572739013893894
0.4983333333333314 0.49666666666666476 0.4983333333333314 0.12658586039924566
0.49999999999999806 0.4983333333333314 0.49999999999999806 0.12744747133604495
0.5016666666666647 0.49999999999999806 0.5016666666666647 0.12831222675445964
0.5033333333333314 0.5016666666666647 0.5033333333333314 0.1291801304883779
0.5049999999999981 0.5033333333333314 0.5049999999999981 0.13005118640060878
0.5066666666666648 0.5049999999999981 0.5066666666666648 0.13092539838303854
0.5083333333333315 0.5066666666666648 0.5083333333333315 0.13180277035678797
0.5099999999999982 0.5083333333333315 0.5099999999999982 0.13268330627237054
0.5116666666666649 0.5099999999999982 0.5116666666666649 0.13356701010985153
0.5133333333333316 0.5116666666666649 0.5133333333333316 0.13445388587900808
0.5149999999999983 0.5133333333333316 0.5149999999999983 0.1353439376194901
0.516666666666665 0.5149999999999983 0.516666666666665 0.1362371694009821
0.5183333333333318 0.516666666666665 0.5183333333333318 0.1371335853233662
0.5199999999999985 0.5183333333333318 0.5199999999999985 0.13803318951688576
0.5216666666666652 0.5199999999999985 0.5216666666666652 0.1389359861423102
0.5233333333333319 0.5216666666666652 0.5233333333333319 0.13984197939110074
0.5249999999999986 0.5233333333333319 0.5249999999999986 0.14075117348557709
0.5266666666666653 0.5249999999999986 0.5266666666666653 0.1416635726790851
0.528333333333332 0.5266666666666653 0.528333333333332 0.14257918125616564
0.5299999999999987 0.528333333333332 0.5299999999999987 0.14349800353272407
0.5316666666666654 0.5299999999999987 0.5316666666666654 0.14442004385620116
0.5333333333333321 0.5316666666666654 0.5333333333333321 0.14534530660574474
0.5349999999999988 0.5333333333333321 0.5349999999999988 0.14627379619238257
0.5366666666666655 0.5349999999999988 0.5366666666666655 0.14720551705919607
0.5383333333333322 0.5366666666666655 0.5383333333333322 0.14814047368149535
0.5399999999999989 0.5383333333333322 0.5399999999999989 0.1490786705669951
0.5416666666666656 0.5399999999999989 0.5416666666666656 0.15002011225599157
0.5433333333333323 0.5416666666666656 0.5433333333333323 0.15096480332154083
0.544999999999999 0.5433333333333323 0.544999999999999 0.15191274836963786
0.5466666666666657 0.544999999999999 0.5466666666666657 0.15286395203939696
0.5483333333333325 0.5466666666666657 0.5483333333333325 0.1538184190032331
0.5499999999999992 0.5483333333333325 0.5499999999999992 0.15477615396704456
0.5516666666666659 0.5499999999999992 0.5516666666666659 0.15573716167039656
0.5533333333333326 0.5516666666666659 0.5533333333333326 0.15670144688670615
0.5549999999999993 0.5533333333333326 0.5549999999999993 0.1576690144234282
0.556666666666666 0.5549999999999993 0.556666666666666 0.15863986912224257
0.5583333333333327 0.556666666666666 0.5583333333333327 0.15961401585924237
0.5599999999999994 0.5583333333333327 0.5599999999999994 0.16059145954512358
0.5616666666666661 0.5599999999999994 0.5616666666666661 0.16157220512537576
0.5633333333333328 0.5616666666666661 0.5633333333333328 0.16255625758047396
0.5649999999999995 0.5633333333333328 0.5649999999999995 0.16354362192607186
0.5666666666666662 0.5649999999999995 0.5666666666666662 0.16453430321319623
0.5683333333333329 0.5666666666666662 0.5683333333333329 0.1655283065284425
0.5699999999999996 0.5683333333333329 0.5699999999999996 0.16652563699417164
0.5716666666666663 0.5699999999999996 0.5716666666666663 0.1675262997687083
0.573333333333333 0.5716666666666663 0.573333333333333 0.16853030004654035
0.5749999999999997 0.573333333333333 0.5749999999999997 0.16953764305851937
0.5766666666666664 0.5749999999999997 0.5766666666666664 0.1705483340720629
0.5783333333333331 0.5766666666666664 0.5783333333333331 0.17156237839135763
0.5799999999999998 0.5783333333333331 0.5799999999999998 0.17257978135756405
0.5816666666666666 0.5799999999999998 0.5816666666666666 0.1736005483490225
0.5833333333333333 0.5816666666666666 0.5833333333333333 0.1746246847814604
0.585 0.5833333333333333 0.585 0.17565219610820107
0.5866666666666667 0.585 0.5866666666666667 0.17668308782037367
0.5883333333333334 0.5866666666666667 0.5883333333333334 0.17771736544712477
0.5900000000000001 0.5883333333333334 0.5900000000000001 0.17875503455583103
0.5916666666666668 0.5900000000000001 0.5916666666666668 0.17979610075231364
0.5933333333333335 0.5916666666666668 0.5933333333333335 0.18084056968105386
0.5950000000000002 0.5933333333333335 0.5950000000000002 0.1818884470254102
0.5966666666666669 0.5950000000000002 0.5966666666666669 0.18293973850783699
0.5983333333333336 0.5966666666666669 0.5983333333333336 0.1839944498901043
0.6000000000000003 0.5983333333333336 0.6000000000000003 0.18505258697351962
0.601666666666667 0.6000000000000003 0.601666666666667 0.18611415559915068
0.6033333333333337 0.601666666666667 0.6033333333333337 0.18717916164805004
0.6050000000000004 0.6033333333333337 0.6050000000000004 0.18824761104148102
0.6066666666666671 0.6050000000000004 0.6066666666666671 0.1893195097411453
0.6083333333333338 0.6066666666666671 0.6083333333333338 0.190394863749412
0.6100000000000005 0.6083333333333338 0.6100000000000005 0.19147367910954824
0.6116666666666672 0.6100000000000005 0.6116666666666672 0.1925559619059514
0.613333333333334 0.6116666666666672 0.613333333333334 0.19364171826438292
0.6150000000000007 0.613333333333334 0.6150000000000007 0.1947309543522037
0.6166666666666674 0.6150000000000007 0.6166666666666674 0.19582367637861103
0.6183333333333341 0.6166666666666674 0.6183333333333341 0.19691989059487738
0.6200000000000008 0.6183333333333341 0.6200000000000008 0.1980196032945905
0.6216666666666675 0.6200000000000008 0.6216666666666675 0.19912282081389548
0.6233333333333342 0.6216666666666675 0.6233333333333342 0.20022954953173835
0.6250000000000009 0.6233333333333342 0.6250000000000009 0.20133979587011136
0.6266666666666676 0.6250000000000009 0.6266666666666676 0.2024535662943
0.6283333333333343 0.6266666666666676 0.6283333333333343 0.20357086731313173
0.630000000000001 0.6283333333333343 0.630000000000001 0.20469170547922647
0.6316666666666677 0.630000000000001 0.6316666666666677 0.20581608738924878
0.6333333333333344 0.6316666666666677 0.6333333333333344 0.20694401968416187
0.6350000000000011 0.6333333333333344 0.6350000000000011 0.2080755090494834
0.6366666666666678 0.6350000000000011 0.6366666666666678 0.20921056221554304
0.6383333333333345 0.6366666666666678 0.6383333333333345 0.21034918595774182
0.6400000000000012 0.6383333333333345 0.6400000000000012 0.21149138709681342
0.6416666666666679 0.6400000000000012 0.6416666666666679 0.2126371724990872
0.6433333333333346 0.6416666666666679 0.6433333333333346 0.21378654907675315
0.6450000000000014 0.6433333333333346 0.6450000000000014 0.21493952378812878
0.646666666666668 0.6450000000000014 0.646666666666668 0.21609610363792775
0.6483333333333348 0.646666666666668 0.6483333333333348 0.2172562956775306
0.6500000000000015 0.6483333333333348 0.6500000000000015 0.21842010700525732
0.6516666666666682 0.6500000000000015 0.6516666666666682 0.2195875447666419
0.6533333333333349 0.6516666666666682 0.6533333333333349 0.22075861615470882
0.6550000000000016 0.6533333333333349 0.6550000000000016 0.2219333284102516
0.6566666666666683 0.6550000000000016 0.6566666666666683 0.22311168882211324
0.658333333333335 0.6566666666666683 0.658333333333335 0.2242937047274689
0.6600000000000017 0.658333333333335 0.6600000000000017 0.22547938351211036
0.6616666666666684 0.6600000000000017 0.6616666666666684 0.22666873261073275
0.6633333333333351 0.6616666666666684 0.6633333333333351 0.22786175950722332
0.6650000000000018 0.6633333333333351 0.6650000000000018 0.22905847173495217
0.6666666666666685 0.6650000000000018 0.6666666666666685 0.23025887687706537
0.6683333333333352 0.6666666666666685 0.6683333333333352 0.23146298256677997
0.6700000000000019 0.6683333333333352 0.6700000000000019 0.23267079648768133
0.6716666666666686 0.6700000000000019 0.6716666666666686 0.23388232637402256
0.6733333333333353 0.6716666666666686 0.6733333333333353 0.23509758001102618
0.675000000000002 0.6733333333333353 0.675000000000002 0.236316565235188
0.6766666666666687 0.675000000000002 0.6766666666666687 0.23753928993458326
0.6783333333333355 0.6766666666666687 0.6783333333333355 0.2387657620491751
0.6800000000000022 0.6783333333333355 0.6800000000000022 0.2399959895711251
0.6816666666666689 0.6800000000000022 0.6816666666666689 0.24122998054510641
0.6833333333333356 0.6816666666666689 0.6833333333333356 0.24246774306861893
0.6850000000000023 0.6833333333333356 0.6850000000000023 0.24370928529230712
0.686666666666669 0.6850000000000023 0.686666666666669 0.24495461542027996
0.6883333333333357 0.686666666666669 0.6883333333333357 0.24620374171043338
0.6900000000000024 0.6883333333333357 0.6900000000000024 0.24745667247477518
0.6916666666666691 0.6900000000000024 0.6916666666666691 0.24871341607975223
0.6933333333333358 0.6916666666666691 0.6933333333333358 0.2499739809465803
0.6950000000000025 0.6933333333333358 0.6950000000000025 0.2512383755515763
0.6966666666666692 0.6950000000000025 0.6966666666666692 0.252506608426493
0.6983333333333359 0.6966666666666692 0.6983333333333359 0.25377868815885624
0.7000000000000026 0.6983333333333359 0.7000000000000026 0.25505462339230495
0.7016666666666693 0.7000000000000026 0.7016666666666693 0.2563344228269334
0.703333333333336 0.7016666666666693 0.703333333333336 0.25761809521963636
0.7050000000000027 0.703333333333336 0.7050000000000027 0.25890564938445654
0.7066666666666694 0.7050000000000027 0.7066666666666694 0.26019709419293513
0.7083333333333361 0.7066666666666694 0.7083333333333361 0.26149243857446464
0.7100000000000029 0.7083333333333361 0.7100000000000029 0.2627916915166446
0.7116666666666696 0.7100000000000029 0.7116666666666696 0.26409486206564003
0.7133333333333363 0.7116666666666696 0.7133333333333363 0.26540195932654254
0.715000000000003 0.7133333333333363 0.715000000000003 0.2667129924637343
0.7166666666666697 0.715000000000003 0.7166666666666697 0.2680279707012549
0.7183333333333364 0.7166666666666697 0.7183333333333364 0.2693469033231707
0.7200000000000031 0.7183333333333364 0.7200000000000031 0.27066979967394744
0.7216666666666698 0.7200000000000031 0.7216666666666698 0.2719966691588257
0.7233333333333365 0.7216666666666698 0.7233333333333365 0.2733275212441989
0.7250000000000032 0.7233333333333365 0.7250000000000032 0.2746623654579946
0.7266666666666699 0.7250000000000032 0.7266666666666699 0.27600121139005873
0.7283333333333366 0.7266666666666699 0.7283333333333366 0.27734406869254263
0.7300000000000033 0.7283333333333366 0.7300000000000033 0.27869094708029335
0.73166666666667 0.7300000000000033 0.73166666666667 0.2800418563312469
0.7333333333333367 0.73166666666667 0.7333333333333367 0.28139680628682445
0.7350000000000034 0.7333333333333367 0.7350000000000034 0.2827558068523319
0.7366666666666701 0.7350000000000034 0.7366666666666701 0.2841188679973625
0.7383333333333368 0.7366666666666701 0.7383333333333368 0.2854859997562025
0.7400000000000035 0.7383333333333368 0.7400000000000035 0.2868572122282401
0.7416666666666702 0.7400000000000035 0.7416666666666702 0.2882325155783779
0.743333333333337 0.7416666666666702 0.743333333333337 0.2896119200374482
0.7450000000000037 0.743333333333337 0.7450000000000037 0.29099543590263166
0.7466666666666704 0.7450000000000037 0.7466666666666704 0.2923830735378797
0.7483333333333371 0.7466666666666704 0.7483333333333371 0.2937748433743396
0.7500000000000038 0.7483333333333371 0.7500000000000038 0.29517075591078384
0.7516666666666705 0.7500000000000038 0.7516666666666705 0.2965708217140419
0.7533333333333372 0.7516666666666705 0.7533333333333372 0.2979750514194363
0.7550000000000039 0.7533333333333372 0.7550000000000039 0.29938345573122177
0.7566666666666706 0.7550000000000039 0.7566666666666706 0.30079604542302807
0.7583333333333373 0.7566666666666706 0.7583333333333373 0.3022128313383062
0.760000000000004 0.7583333333333373 0.760000000000004 0.3036338243907784
0.7616666666666707 0.760000000000004 0.7616666666666707 0.30505903556489183
0.7633333333333374 0.7616666666666707 0.7633333333333374 0.3064884759162756
0.7650000000000041 0.7633333333333374 0.7650000000000041 0.30792215657220173
0.7666666666666708 0.7650000000000041 0.7666666666666708 0.30936008873205006
0.7683333333333375 0.7666666666666708 0.7683333333333375 0.31080228366777635
0.7700000000000042 0.7683333333333375 0.7700000000000042 0.3122487527243848
0.7716666666666709 0.7700000000000042 0.7716666666666709 0.31369950732040397
0.7733333333333376 0.7716666666666709 0.7733333333333376 0.3151545589483669
0.7750000000000044 0.7733333333333376 0.7750000000000044 0.3166139191752951
0.7766666666666711 0.7750000000000044 0.7766666666666711 0.31807759964318605
0.7783333333333378 0.7766666666666711 0.7783333333333378 0.3195456120695056
0.7800000000000045 0.7783333333333378 0.7800000000000045 0.3210179682476835
0.7816666666666712 0.7800000000000045 0.7816666666666712 0.3224946800476137
0.7833333333333379 0.7816666666666712 0.7833333333333379 0.3239757594161582
0.7850000000000046 0.7833333333333379 0.7850000000000046 0.32546121837765546
0.7866666666666713 0.7850000000000046 0.7866666666666713 0.32695106903443294
0.788333333333338 0.7866666666666713 0.788333333333338 0.32844532356732387
0.7900000000000047 0.788333333333338 0.7900000000000047 0.32994399423618803
0.7916666666666714 0.7900000000000047 0.7916666666666714 0.3314470933804375
0.7933333333333381 0.7916666666666714 0.7933333333333381 0.33295463341956594
0.7950000000000048 0.7933333333333381 0.7950000000000048 0.3344666268536831
0.7966666666666715 0.7950000000000048 0.7966666666666715 0.33598308626405327
0.7983333333333382 0.7966666666666715 0.7983333333333382 0.3375040243136383
0.8000000000000049 0.7983333333333382 0.8000000000000049 0.3390294537476455
0.8016666666666716 0.8000000000000049 0.8016666666666716 0.34055938739407954
0.8033333333333383 0.8016666666666716 0.8033333333333383 0.3420938381642997
0.805000000000005 0.8033333333333383 0.805000000000005 0.34363281905358123
0.8066666666666718 0.805000000000005 0.8066666666666718 0.34517634314168166
0.8083333333333385 0.8066666666666718 0.8083333333333385 0.34672442359341205
0.8100000000000052 0.8083333333333385 0.8100000000000052 0.34827707365921273
0.8116666666666719 0.8100000000000052 0.8116666666666719 0.3498343066757342
0.8133333333333386 0.8116666666666719 0.8133333333333386 0.3513961360664227
0.8150000000000053 0.8133333333333386 0.8150000000000053 0.35296257534211123
0.816666666666672 0.8150000000000053 0.816666666666672 0.354533638101615
0.8183333333333387 0.816666666666672 0.8183333333333387 0.3561093380323322
0.8200000000000054 0.8183333333333387 0.8200000000000054 0.3576896889108502
0.8216666666666721 0.8200000000000054 0.8216666666666721 0.3592747046035564
0.8233333333333388 0.8216666666666721 0.8233333333333388 0.3608643990672548
0.8250000000000055 0.8233333333333388 0.8250000000000055 0.36245878634978745
0.8266666666666722 0.8250000000000055 0.8266666666666722 0.36405788059066146
0.8283333333333389 0.8266666666666722 0.8283333333333389 0.3656616960216814
0.8300000000000056 0.8283333333333389 0.8300000000000056 0.3672702469675872
0.8316666666666723 0.8300000000000056 0.8316666666666723 0.3688835478466973
0.833333333333339 0.8316666666666723 0.833333333333339 0.3705016131715576
0.8350000000000057 0.833333333333339 0.8350000000000057 0.3721244575495961
0.8366666666666724 0.8350000000000057 0.8366666666666724 0.3737520956837828
0.8383333333333391 0.8366666666666724 0.8383333333333391 0.37538454237329594
0.8400000000000059 0.8383333333333391 0.8400000000000059 0.3770218125141933
0.8416666666666726 0.8400000000000059 0.8416666666666726 0.3786639211000902
0.8433333333333393 0.8416666666666726 0.8433333333333393 0.38031088322284257
0.845000000000006 0.8433333333333393 0.845000000000006 0.38196271407323673
0.8466666666666727 0.845000000000006 0.8466666666666727 0.38361942894168466
0.8483333333333394 0.8466666666666727 0.8483333333333394 0.38528104321892553
0.8500000000000061 0.8483333333333394 0.8500000000000061 0.38694757239673366
0.8516666666666728 0.8500000000000061 0.8516666666666728 0.38861903206863224
0.8533333333333395 0.8516666666666728 0.8533333333333395 0.3902954379306138
0.8550000000000062 0.8533333333333395 0.8550000000000062 0.39197680578186656
0.8566666666666729 0.8550000000000062 0.8566666666666729 0.3936631515255078
0.8583333333333396 0.8566666666666729 0.8583333333333396 0.395354491169323
0.8600000000000063 0.8583333333333396 0.8600000000000063 0.3970508408265121
0.861666666666673 0.8600000000000063 0.861666666666673 0.3987522167164423
0.8633333333333397 0.861666666666673 0.8633333333333397 0.4004586351654072
0.8650000000000064 0.8633333333333397 0.8650000000000064 0.4021701126073931
0.8666666666666731 0.8650000000000064 0.8666666666666731 0.403886665584852
0.8683333333333398 0.8666666666666731 0.8683333333333398 0.40560831074948134
0.8700000000000065 0.8683333333333398 0.8700000000000065 0.4073350648630111
0.8716666666666733 0.8700000000000065 0.8716666666666733 0.4090669447979975
0.87333333333334 0.8716666666666733 0.87333333333334 0.4108039675386242
0.8750000000000067 0.87333333333334 0.8750000000000067 0.4125461501815105
0.8766666666666734 0.8750000000000067 0.8766666666666734 0.4142935099365268
0.8783333333333401 0.8766666666666734 0.8783333333333401 0.4160460641276177
0.8800000000000068 0.8783333333333401 0.8800000000000068 0.41780383019363204
0.8816666666666735 0.8800000000000068 0.8816666666666735 0.4195668256891609
0.8833333333333402 0.8816666666666735 0.8833333333333402 0.4213350682853831
0.8850000000000069 0.8833333333333402 0.8850000000000069 0.423108575770918
0.8866666666666736 0.8850000000000069 0.8866666666666736 0.4248873660526866
0.8883333333333403 0.8866666666666736 0.8883333333333403 0.4266714571567804
0.890000000000007 0.8883333333333403 0.890000000000007 0.4284608672293375
0.8916666666666737 0.890000000000007 0.8916666666666737 0.43025561453742767
0.8933333333333404 0.8916666666666737 0.8933333333333404 0.43205571746994487
0.8950000000000071 0.8933333333333404 0.8950000000000071 0.43386119453850824
0.8966666666666738 0.8950000000000071 0.8966666666666738 0.4356720643783712
0.8983333333333405 0.8966666666666738 0.8983333333333405 0.4374883457493389
0.9000000000000072 0.8983333333333405 0.9000000000000072 0.4393100575366945
0.9016666666666739 0.9000000000000072 0.9016666666666739 0.4411372187521332
0.9033333333333406 0.9016666666666739 0.9033333333333406 0.4429698485347058
0.9050000000000074 0.9033333333333406 0.9050000000000074 0.4448079661517703
0.9066666666666741 0.9050000000000074 0.9066666666666741 0.44665159099995283
0.9083333333333408 0.9066666666666741 0.9083333333333408 0.448500742606117
0.9100000000000075 0.9083333333333408 0.9100000000000075 0.45035544062834265
0.9116666666666742 0.9100000000000075 0.9116666666666742 0.4522157048569136
0.9133333333333409 0.9116666666666742 0.9133333333333409 0.45408155521531446
0.9150000000000076 0.9133333333333409 0.9150000000000076 0.45595301176123704
0.9166666666666743 0.9150000000000076 0.9166666666666743 0.4578300946875959
0.918333333333341 0.9166666666666743 0.918333333333341 0.45971282432355354
0.9200000000000077 0.918333333333341 0.9200000000000077 0.4616012211355553
0.9216666666666744 0.9200000000000077 0.9216666666666744 0.46349530572837366
0.9233333333333411 0.9216666666666744 0.9233333333333411 0.4653950988461629
0.9250000000000078 0.9233333333333411 0.9250000000000078 0.46730062137352324
0.9266666666666745 0.9250000000000078 0.9266666666666745 0.46921189433657506
0.9283333333333412 0.9266666666666745 0.9283333333333412 0.4711289389040438
0.9300000000000079 0.9283333333333412 0.9300000000000079 0.47305177638835433
0.9316666666666746 0.9300000000000079 0.9316666666666746 0.47498042824673653
0.9333333333333413 0.9316666666666746 0.9333333333333413 0.47691491608234077
0.935000000000008 0.9333333333333413 0.935000000000008 0.4788552616453642
0.9366666666666748 0.935000000000008 0.9366666666666748 0.48080148683418794
0.9383333333333415 0.9366666666666748 0.9383333333333415 0.48275361369652503
0.9400000000000082 0.9383333333333415 0.9400000000000082 0.48471166443057917
0.9416666666666749 0.9400000000000082 0.9416666666666749 0.4866756613862149
0.9433333333333416 0.9416666666666749 0.9433333333333416 0.4886456270661388
0.9450000000000083 0.9433333333333416 0.9450000000000083 0.49062158412709206
0.946666666666675 0.9450000000000083 0.946666666666675 0.49260355538105466
0.9483333333333417 0.946666666666675 0.9483333333333417 0.494591563796461
0.9500000000000084 0.9483333333333417 0.9500000000000084 0.4965856324994275
0.9516666666666751 0.9500000000000084 0.9516666666666751 0.4985857847749917
0.9533333333333418 0.9516666666666751 0.9533333333333418 0.5005920440683639
0.9550000000000085 0.9533333333333418 0.9550000000000085 0.5026044339861904
0.9566666666666752 0.9550000000000085 0.9566666666666752 0.5046229782978294
0.9583333333333419 0.9566666666666752 0.9583333333333419 0.5066477009366395
0.9600000000000086 0.9583333333333419 0.9600000000000086 0.5086786260012798
0.9616666666666753 0.9600000000000086 0.9616666666666753 0.5107157777570243
0.963333333333342 0.9616666666666753 0.963333333333342 0.5127591806370875
0.9650000000000087 0.963333333333342 0.9650000000000087 0.5148088592439642
0.9666666666666754 0.9650000000000087 0.9666666666666754 0.5168648383507822
0.9683333333333421 0.9666666666666754 0.9683333333333421 0.5189271429026675
0.9700000000000089 0.9683333333333421 0.9700000000000089 0.520995798018124
0.9716666666666756 0.9700000000000089 0.9716666666666756 0.5230708289904267
0.9733333333333423 0.9716666666666756 0.9733333333333423 0.5251522612890277
0.975000000000009 0.9733333333333423 0.975000000000009 0.5272401205609776
0.9766666666666757 0.975000000000009 0.9766666666666757 0.5293344326323596
0.9783333333333424 0.9766666666666757 0.9783333333333424 0.5314352235097388
0.9800000000000091 0.9783333333333424 0.9800000000000091 0.5335425193816257
0.9816666666666758 0.9800000000000091 0.9816666666666758 0.5356563466199535
0.9833333333333425 0.9816666666666758 0.9833333333333425 0.537776731781572
0.9850000000000092 0.9833333333333425 0.9850000000000092 0.5399037016097542
0.9866666666666759 0.9850000000000092 0.9866666666666759 0.5420372830357199
0.9883333333333426 0.9866666666666759 0.9883333333333426 0.5441775031801731
0.9900000000000093 0.9883333333333426 0.9900000000000093 0.5463243893548564
0.991666666666676 0.9900000000000093 0.991666666666676 0.5484779690641193
0.9933333333333427 0.991666666666676 0.9933333333333427 0.5506382700065038
0.9950000000000094 0.9933333333333427 0.9950000000000094 0.5528053200763454
0.9966666666666761 0.9950000000000094 0.9966666666666761 0.5549791473653901
0.9983333333333428 0.9966666666666761 0.9983333333333428 0.5571597801644284
1.0000000000000095 0.9983333333333428 1.0000000000000095 0.5593472469649451
